Freq[Hz]
1.00000000000E+008
1.06125000000E+008
1.12250000000E+008
1.18375000000E+008
1.24500000000E+008
1.30625000000E+008
1.36750000000E+008
1.42875000000E+008
1.49000000000E+008
1.55125000000E+008
1.61250000000E+008
1.67375000000E+008
1.73500000000E+008
1.79625000000E+008
1.85750000000E+008
1.91875000000E+008
1.98000000000E+008
2.04125000000E+008
2.10250000000E+008
2.16375000000E+008
2.22500000000E+008
2.28625000000E+008
2.34750000000E+008
2.40875000000E+008
2.47000000000E+008
2.53125000000E+008
2.59250000000E+008
2.65375000000E+008
2.71500000000E+008
2.77625000000E+008
2.83750000000E+008
2.89875000000E+008
2.96000000000E+008
3.02125000000E+008
3.08250000000E+008
3.14375000000E+008
3.20500000000E+008
3.26625000000E+008
3.32750000000E+008
3.38875000000E+008
3.45000000000E+008
3.51125000000E+008
3.57250000000E+008
3.63375000000E+008
3.69500000000E+008
3.75625000000E+008
3.81750000000E+008
3.87875000000E+008
3.94000000000E+008
4.00125000000E+008
4.06250000000E+008
4.12375000000E+008
4.18500000000E+008
4.24625000000E+008
4.30750000000E+008
4.36875000000E+008
4.43000000000E+008
4.49125000000E+008
4.55250000000E+008
4.61375000000E+008
4.67500000000E+008
4.73625000000E+008
4.79750000000E+008
4.85875000000E+008
4.92000000000E+008
4.98125000000E+008
5.04250000000E+008
5.10375000000E+008
5.16500000000E+008
5.22625000000E+008
5.28750000000E+008
5.34875000000E+008
5.41000000000E+008
5.47125000000E+008
5.53250000000E+008
5.59375000000E+008
5.65500000000E+008
5.71625000000E+008
5.77750000000E+008
5.83875000000E+008
5.90000000000E+008
5.96125000000E+008
6.02250000000E+008
6.08375000000E+008
6.14500000000E+008
6.20625000000E+008
6.26750000000E+008
6.32875000000E+008
6.39000000000E+008
6.45125000000E+008
6.51250000000E+008
6.57375000000E+008
6.63500000000E+008
6.69625000000E+008
6.75750000000E+008
6.81875000000E+008
6.88000000000E+008
6.94125000000E+008
7.00250000000E+008
7.06375000000E+008
7.12500000000E+008
7.18625000000E+008
7.24750000000E+008
7.30875000000E+008
7.37000000000E+008
7.43125000000E+008
7.49250000000E+008
7.55375000000E+008
7.61500000000E+008
7.67625000000E+008
7.73750000000E+008
7.79875000000E+008
7.86000000000E+008
7.92125000000E+008
7.98250000000E+008
8.04375000000E+008
8.10500000000E+008
8.16625000000E+008
8.22750000000E+008
8.28875000000E+008
8.35000000000E+008
8.41125000000E+008
8.47250000000E+008
8.53375000000E+008
8.59500000000E+008
8.65625000000E+008
8.71750000000E+008
8.77875000000E+008
8.84000000000E+008
8.90125000000E+008
8.96250000000E+008
9.02375000000E+008
9.08500000000E+008
9.14625000000E+008
9.20750000000E+008
9.26875000000E+008
9.33000000000E+008
9.39125000000E+008
9.45250000000E+008
9.51375000000E+008
9.57500000000E+008
9.63625000000E+008
9.69750000000E+008
9.75875000000E+008
9.82000000000E+008
9.88125000000E+008
9.94250000000E+008
1.00037500000E+009
1.00650000000E+009
1.01262500000E+009
1.01875000000E+009
1.02487500000E+009
1.03100000000E+009
1.03712500000E+009
1.04325000000E+009
1.04937500000E+009
1.05550000000E+009
1.06162500000E+009
1.06775000000E+009
1.07387500000E+009
1.08000000000E+009
1.08612500000E+009
1.09225000000E+009
1.09837500000E+009
1.10450000000E+009
1.11062500000E+009
1.11675000000E+009
1.12287500000E+009
1.12900000000E+009
1.13512500000E+009
1.14125000000E+009
1.14737500000E+009
1.15350000000E+009
1.15962500000E+009
1.16575000000E+009
1.17187500000E+009
1.17800000000E+009
1.18412500000E+009
1.19025000000E+009
1.19637500000E+009
1.20250000000E+009
1.20862500000E+009
1.21475000000E+009
1.22087500000E+009
1.22700000000E+009
1.23312500000E+009
1.23925000000E+009
1.24537500000E+009
1.25150000000E+009
1.25762500000E+009
1.26375000000E+009
1.26987500000E+009
1.27600000000E+009
1.28212500000E+009
1.28825000000E+009
1.29437500000E+009
1.30050000000E+009
1.30662500000E+009
1.31275000000E+009
1.31887500000E+009
1.32500000000E+009
1.33112500000E+009
1.33725000000E+009
1.34337500000E+009
1.34950000000E+009
1.35562500000E+009
1.36175000000E+009
1.36787500000E+009
1.37400000000E+009
1.38012500000E+009
1.38625000000E+009
1.39237500000E+009
1.39850000000E+009
1.40462500000E+009
1.41075000000E+009
1.41687500000E+009
1.42300000000E+009
1.42912500000E+009
1.43525000000E+009
1.44137500000E+009
1.44750000000E+009
1.45362500000E+009
1.45975000000E+009
1.46587500000E+009
1.47200000000E+009
1.47812500000E+009
1.48425000000E+009
1.49037500000E+009
1.49650000000E+009
1.50262500000E+009
1.50875000000E+009
1.51487500000E+009
1.52100000000E+009
1.52712500000E+009
1.53325000000E+009
1.53937500000E+009
1.54550000000E+009
1.55162500000E+009
1.55775000000E+009
1.56387500000E+009
1.57000000000E+009
1.57612500000E+009
1.58225000000E+009
1.58837500000E+009
1.59450000000E+009
1.60062500000E+009
1.60675000000E+009
1.61287500000E+009
1.61900000000E+009
1.62512500000E+009
1.63125000000E+009
1.63737500000E+009
1.64350000000E+009
1.64962500000E+009
1.65575000000E+009
1.66187500000E+009
1.66800000000E+009
1.67412500000E+009
1.68025000000E+009
1.68637500000E+009
1.69250000000E+009
1.69862500000E+009
1.70475000000E+009
1.71087500000E+009
1.71700000000E+009
1.72312500000E+009
1.72925000000E+009
1.73537500000E+009
1.74150000000E+009
1.74762500000E+009
1.75375000000E+009
1.75987500000E+009
1.76600000000E+009
1.77212500000E+009
1.77825000000E+009
1.78437500000E+009
1.79050000000E+009
1.79662500000E+009
1.80275000000E+009
1.80887500000E+009
1.81500000000E+009
1.82112500000E+009
1.82725000000E+009
1.83337500000E+009
1.83950000000E+009
1.84562500000E+009
1.85175000000E+009
1.85787500000E+009
1.86400000000E+009
1.87012500000E+009
1.87625000000E+009
1.88237500000E+009
1.88850000000E+009
1.89462500000E+009
1.90075000000E+009
1.90687500000E+009
1.91300000000E+009
1.91912500000E+009
1.92525000000E+009
1.93137500000E+009
1.93750000000E+009
1.94362500000E+009
1.94975000000E+009
1.95587500000E+009
1.96200000000E+009
1.96812500000E+009
1.97425000000E+009
1.98037500000E+009
1.98650000000E+009
1.99262500000E+009
1.99875000000E+009
2.00487500000E+009
2.01100000000E+009
2.01712500000E+009
2.02325000000E+009
2.02937500000E+009
2.03550000000E+009
2.04162500000E+009
2.04775000000E+009
2.05387500000E+009
2.06000000000E+009
2.06612500000E+009
2.07225000000E+009
2.07837500000E+009
2.08450000000E+009
2.09062500000E+009
2.09675000000E+009
2.10287500000E+009
2.10900000000E+009
2.11512500000E+009
2.12125000000E+009
2.12737500000E+009
2.13350000000E+009
2.13962500000E+009
2.14575000000E+009
2.15187500000E+009
2.15800000000E+009
2.16412500000E+009
2.17025000000E+009
2.17637500000E+009
2.18250000000E+009
2.18862500000E+009
2.19475000000E+009
2.20087500000E+009
2.20700000000E+009
2.21312500000E+009
2.21925000000E+009
2.22537500000E+009
2.23150000000E+009
2.23762500000E+009
2.24375000000E+009
2.24987500000E+009
2.25600000000E+009
2.26212500000E+009
2.26825000000E+009
2.27437500000E+009
2.28050000000E+009
2.28662500000E+009
2.29275000000E+009
2.29887500000E+009
2.30500000000E+009
2.31112500000E+009
2.31725000000E+009
2.32337500000E+009
2.32950000000E+009
2.33562500000E+009
2.34175000000E+009
2.34787500000E+009
2.35400000000E+009
2.36012500000E+009
2.36625000000E+009
2.37237500000E+009
2.37850000000E+009
2.38462500000E+009
2.39075000000E+009
2.39687500000E+009
2.40300000000E+009
2.40912500000E+009
2.41525000000E+009
2.42137500000E+009
2.42750000000E+009
2.43362500000E+009
2.43975000000E+009
2.44587500000E+009
2.45200000000E+009
2.45812500000E+009
2.46425000000E+009
2.47037500000E+009
2.47650000000E+009
2.48262500000E+009
2.48875000000E+009
2.49487500000E+009
2.50100000000E+009
2.50712500000E+009
2.51325000000E+009
2.51937500000E+009
2.52550000000E+009
2.53162500000E+009
2.53775000000E+009
2.54387500000E+009
2.55000000000E+009
2.55612500000E+009
2.56225000000E+009
2.56837500000E+009
2.57450000000E+009
2.58062500000E+009
2.58675000000E+009
2.59287500000E+009
2.59900000000E+009
2.60512500000E+009
2.61125000000E+009
2.61737500000E+009
2.62350000000E+009
2.62962500000E+009
2.63575000000E+009
2.64187500000E+009
2.64800000000E+009
2.65412500000E+009
2.66025000000E+009
2.66637500000E+009
2.67250000000E+009
2.67862500000E+009
2.68475000000E+009
2.69087500000E+009
2.69700000000E+009
2.70312500000E+009
2.70925000000E+009
2.71537500000E+009
2.72150000000E+009
2.72762500000E+009
2.73375000000E+009
2.73987500000E+009
2.74600000000E+009
2.75212500000E+009
2.75825000000E+009
2.76437500000E+009
2.77050000000E+009
2.77662500000E+009
2.78275000000E+009
2.78887500000E+009
2.79500000000E+009
2.80112500000E+009
2.80725000000E+009
2.81337500000E+009
2.81950000000E+009
2.82562500000E+009
2.83175000000E+009
2.83787500000E+009
2.84400000000E+009
2.85012500000E+009
2.85625000000E+009
2.86237500000E+009
2.86850000000E+009
2.87462500000E+009
2.88075000000E+009
2.88687500000E+009
2.89300000000E+009
2.89912500000E+009
2.90525000000E+009
2.91137500000E+009
2.91750000000E+009
2.92362500000E+009
2.92975000000E+009
2.93587500000E+009
2.94200000000E+009
2.94812500000E+009
2.95425000000E+009
2.96037500000E+009
2.96650000000E+009
2.97262500000E+009
2.97875000000E+009
2.98487500000E+009
2.99100000000E+009
2.99712500000E+009
3.00325000000E+009
3.00937500000E+009
3.01550000000E+009
3.02162500000E+009
3.02775000000E+009
3.03387500000E+009
3.04000000000E+009
3.04612500000E+009
3.05225000000E+009
3.05837500000E+009
3.06450000000E+009
3.07062500000E+009
3.07675000000E+009
3.08287500000E+009
3.08900000000E+009
3.09512500000E+009
3.10125000000E+009
3.10737500000E+009
3.11350000000E+009
3.11962500000E+009
3.12575000000E+009
3.13187500000E+009
3.13800000000E+009
3.14412500000E+009
3.15025000000E+009
3.15637500000E+009
3.16250000000E+009
3.16862500000E+009
3.17475000000E+009
3.18087500000E+009
3.18700000000E+009
3.19312500000E+009
3.19925000000E+009
3.20537500000E+009
3.21150000000E+009
3.21762500000E+009
3.22375000000E+009
3.22987500000E+009
3.23600000000E+009
3.24212500000E+009
3.24825000000E+009
3.25437500000E+009
3.26050000000E+009
3.26662500000E+009
3.27275000000E+009
3.27887500000E+009
3.28500000000E+009
3.29112500000E+009
3.29725000000E+009
3.30337500000E+009
3.30950000000E+009
3.31562500000E+009
3.32175000000E+009
3.32787500000E+009
3.33400000000E+009
3.34012500000E+009
3.34625000000E+009
3.35237500000E+009
3.35850000000E+009
3.36462500000E+009
3.37075000000E+009
3.37687500000E+009
3.38300000000E+009
3.38912500000E+009
3.39525000000E+009
3.40137500000E+009
3.40750000000E+009
3.41362500000E+009
3.41975000000E+009
3.42587500000E+009
3.43200000000E+009
3.43812500000E+009
3.44425000000E+009
3.45037500000E+009
3.45650000000E+009
3.46262500000E+009
3.46875000000E+009
3.47487500000E+009
3.48100000000E+009
3.48712500000E+009
3.49325000000E+009
3.49937500000E+009
3.50550000000E+009
3.51162500000E+009
3.51775000000E+009
3.52387500000E+009
3.53000000000E+009
3.53612500000E+009
3.54225000000E+009
3.54837500000E+009
3.55450000000E+009
3.56062500000E+009
3.56675000000E+009
3.57287500000E+009
3.57900000000E+009
3.58512500000E+009
3.59125000000E+009
3.59737500000E+009
3.60350000000E+009
3.60962500000E+009
3.61575000000E+009
3.62187500000E+009
3.62800000000E+009
3.63412500000E+009
3.64025000000E+009
3.64637500000E+009
3.65250000000E+009
3.65862500000E+009
3.66475000000E+009
3.67087500000E+009
3.67700000000E+009
3.68312500000E+009
3.68925000000E+009
3.69537500000E+009
3.70150000000E+009
3.70762500000E+009
3.71375000000E+009
3.71987500000E+009
3.72600000000E+009
3.73212500000E+009
3.73825000000E+009
3.74437500000E+009
3.75050000000E+009
3.75662500000E+009
3.76275000000E+009
3.76887500000E+009
3.77500000000E+009
3.78112500000E+009
3.78725000000E+009
3.79337500000E+009
3.79950000000E+009
3.80562500000E+009
3.81175000000E+009
3.81787500000E+009
3.82400000000E+009
3.83012500000E+009
3.83625000000E+009
3.84237500000E+009
3.84850000000E+009
3.85462500000E+009
3.86075000000E+009
3.86687500000E+009
3.87300000000E+009
3.87912500000E+009
3.88525000000E+009
3.89137500000E+009
3.89750000000E+009
3.90362500000E+009
3.90975000000E+009
3.91587500000E+009
3.92200000000E+009
3.92812500000E+009
3.93425000000E+009
3.94037500000E+009
3.94650000000E+009
3.95262500000E+009
3.95875000000E+009
3.96487500000E+009
3.97100000000E+009
3.97712500000E+009
3.98325000000E+009
3.98937500000E+009
3.99550000000E+009
4.00162500000E+009
4.00775000000E+009
4.01387500000E+009
4.02000000000E+009
4.02612500000E+009
4.03225000000E+009
4.03837500000E+009
4.04450000000E+009
4.05062500000E+009
4.05675000000E+009
4.06287500000E+009
4.06900000000E+009
4.07512500000E+009
4.08125000000E+009
4.08737500000E+009
4.09350000000E+009
4.09962500000E+009
4.10575000000E+009
4.11187500000E+009
4.11800000000E+009
4.12412500000E+009
4.13025000000E+009
4.13637500000E+009
4.14250000000E+009
4.14862500000E+009
4.15475000000E+009
4.16087500000E+009
4.16700000000E+009
4.17312500000E+009
4.17925000000E+009
4.18537500000E+009
4.19150000000E+009
4.19762500000E+009
4.20375000000E+009
4.20987500000E+009
4.21600000000E+009
4.22212500000E+009
4.22825000000E+009
4.23437500000E+009
4.24050000000E+009
4.24662500000E+009
4.25275000000E+009
4.25887500000E+009
4.26500000000E+009
4.27112500000E+009
4.27725000000E+009
4.28337500000E+009
4.28950000000E+009
4.29562500000E+009
4.30175000000E+009
4.30787500000E+009
4.31400000000E+009
4.32012500000E+009
4.32625000000E+009
4.33237500000E+009
4.33850000000E+009
4.34462500000E+009
4.35075000000E+009
4.35687500000E+009
4.36300000000E+009
4.36912500000E+009
4.37525000000E+009
4.38137500000E+009
4.38750000000E+009
4.39362500000E+009
4.39975000000E+009
4.40587500000E+009
4.41200000000E+009
4.41812500000E+009
4.42425000000E+009
4.43037500000E+009
4.43650000000E+009
4.44262500000E+009
4.44875000000E+009
4.45487500000E+009
4.46100000000E+009
4.46712500000E+009
4.47325000000E+009
4.47937500000E+009
4.48550000000E+009
4.49162500000E+009
4.49775000000E+009
4.50387500000E+009
4.51000000000E+009
4.51612500000E+009
4.52225000000E+009
4.52837500000E+009
4.53450000000E+009
4.54062500000E+009
4.54675000000E+009
4.55287500000E+009
4.55900000000E+009
4.56512500000E+009
4.57125000000E+009
4.57737500000E+009
4.58350000000E+009
4.58962500000E+009
4.59575000000E+009
4.60187500000E+009
4.60800000000E+009
4.61412500000E+009
4.62025000000E+009
4.62637500000E+009
4.63250000000E+009
4.63862500000E+009
4.64475000000E+009
4.65087500000E+009
4.65700000000E+009
4.66312500000E+009
4.66925000000E+009
4.67537500000E+009
4.68150000000E+009
4.68762500000E+009
4.69375000000E+009
4.69987500000E+009
4.70600000000E+009
4.71212500000E+009
4.71825000000E+009
4.72437500000E+009
4.73050000000E+009
4.73662500000E+009
4.74275000000E+009
4.74887500000E+009
4.75500000000E+009
4.76112500000E+009
4.76725000000E+009
4.77337500000E+009
4.77950000000E+009
4.78562500000E+009
4.79175000000E+009
4.79787500000E+009
4.80400000000E+009
4.81012500000E+009
4.81625000000E+009
4.82237500000E+009
4.82850000000E+009
4.83462500000E+009
4.84075000000E+009
4.84687500000E+009
4.85300000000E+009
4.85912500000E+009
4.86525000000E+009
4.87137500000E+009
4.87750000000E+009
4.88362500000E+009
4.88975000000E+009
4.89587500000E+009
4.90200000000E+009
4.90812500000E+009
4.91425000000E+009
4.92037500000E+009
4.92650000000E+009
4.93262500000E+009
4.93875000000E+009
4.94487500000E+009
4.95100000000E+009
4.95712500000E+009
4.96325000000E+009
4.96937500000E+009
4.97550000000E+009
4.98162500000E+009
4.98775000000E+009
4.99387500000E+009
5.00000000000E+009
