S11[re]
9.865391E-001
9.850669E-001
9.823759E-001
9.798508E-001
9.774328E-001
9.746656E-001
9.711123E-001
9.682512E-001
9.660743E-001
9.628277E-001
9.582821E-001
9.558159E-001
9.515420E-001
9.491998E-001
9.452966E-001
9.412430E-001
9.382231E-001
9.347619E-001
9.298275E-001
9.253507E-001
9.211022E-001
9.158240E-001
9.113338E-001
9.064302E-001
9.016840E-001
8.969851E-001
8.908595E-001
8.848751E-001
8.791030E-001
8.737982E-001
8.679733E-001
8.625505E-001
8.568938E-001
8.513716E-001
8.452494E-001
8.392453E-001
8.338330E-001
8.268470E-001
8.205431E-001
8.136785E-001
8.086410E-001
8.006489E-001
7.931874E-001
7.867752E-001
7.786793E-001
7.713372E-001
7.632812E-001
7.558717E-001
7.481933E-001
7.391334E-001
7.317684E-001
7.229159E-001
7.146311E-001
7.051936E-001
6.966975E-001
6.879841E-001
6.807665E-001
6.721401E-001
6.634103E-001
6.553062E-001
6.461686E-001
6.374786E-001
6.296883E-001
6.211513E-001
6.124250E-001
6.037494E-001
5.950887E-001
5.840774E-001
5.745645E-001
5.651603E-001
5.558079E-001
5.453821E-001
5.354556E-001
5.241479E-001
5.133123E-001
5.037592E-001
4.928304E-001
4.820176E-001
4.702537E-001
4.591691E-001
4.477787E-001
4.380280E-001
4.274764E-001
4.173418E-001
4.055203E-001
3.959070E-001
3.866096E-001
3.754570E-001
3.638791E-001
3.540635E-001
3.435598E-001
3.329360E-001
3.219255E-001
3.101845E-001
2.995996E-001
2.877990E-001
2.757256E-001
2.634186E-001
2.531350E-001
2.405190E-001
2.275044E-001
2.166274E-001
2.044029E-001
1.907114E-001
1.784124E-001
1.660777E-001
1.551217E-001
1.420860E-001
1.308348E-001
1.203778E-001
1.074995E-001
9.555887E-002
8.430991E-002
7.251257E-002
6.036050E-002
4.853725E-002
3.759354E-002
2.469112E-002
1.246090E-002
8.689112E-004
-1.299688E-002
-2.517523E-002
-3.764094E-002
-5.085546E-002
-6.490901E-002
-7.867660E-002
-9.005612E-002
-1.039631E-001
-1.158705E-001
-1.294153E-001
-1.420443E-001
-1.533960E-001
-1.655215E-001
-1.777559E-001
-1.889796E-001
-2.006800E-001
-2.122770E-001
-2.236252E-001
-2.352087E-001
-2.463837E-001
-2.579545E-001
-2.696735E-001
-2.806751E-001
-2.928489E-001
-3.041013E-001
-3.156781E-001
-3.277938E-001
-3.400855E-001
-3.514074E-001
-3.636012E-001
-3.754735E-001
-3.874155E-001
-3.985261E-001
-4.117544E-001
-4.225520E-001
-4.341246E-001
-4.461595E-001
-4.573483E-001
-4.694230E-001
-4.797799E-001
-4.906259E-001
-5.013101E-001
-5.125661E-001
-5.227544E-001
-5.338901E-001
-5.442190E-001
-5.542270E-001
-5.654496E-001
-5.762833E-001
-5.864953E-001
-5.957930E-001
-6.052085E-001
-6.162463E-001
-6.260342E-001
-6.353559E-001
-6.457771E-001
-6.563224E-001
-6.672714E-001
-6.758554E-001
-6.838261E-001
-6.929683E-001
-7.024047E-001
-7.107621E-001
-7.189297E-001
-7.279128E-001
-7.350984E-001
-7.443738E-001
-7.527165E-001
-7.612461E-001
-7.702248E-001
-7.784418E-001
-7.864679E-001
-7.945069E-001
-8.019399E-001
-8.089159E-001
-8.169669E-001
-8.242803E-001
-8.321971E-001
-8.396791E-001
-8.479804E-001
-8.548235E-001
-8.606610E-001
-8.669792E-001
-8.731284E-001
-8.780227E-001
-8.837472E-001
-8.882116E-001
-8.933563E-001
-8.971831E-001
-9.021871E-001
-9.072784E-001
-9.111077E-001
-9.150671E-001
-9.194196E-001
-9.241465E-001
-9.274792E-001
-9.311374E-001
-9.341529E-001
-9.382803E-001
-9.420027E-001
-9.460613E-001
-9.494479E-001
-9.529942E-001
-9.570149E-001
-9.583808E-001
-9.631954E-001
-9.652497E-001
-9.688382E-001
-9.714655E-001
-9.734035E-001
-9.749454E-001
-9.761750E-001
-9.781922E-001
-9.778802E-001
-9.787512E-001
-9.792616E-001
-9.797490E-001
-9.796267E-001
-9.805026E-001
-9.792346E-001
-9.789653E-001
-9.792723E-001
-9.779851E-001
-9.771925E-001
-9.769652E-001
-9.759986E-001
-9.737810E-001
-9.732860E-001
-9.715953E-001
-9.688697E-001
-9.663773E-001
-9.640292E-001
-9.620492E-001
-9.601853E-001
-9.574550E-001
-9.544393E-001
-9.517078E-001
-9.491645E-001
-9.457627E-001
-9.426098E-001
-9.377188E-001
-9.343212E-001
-9.312782E-001
-9.260380E-001
-9.220628E-001
-9.172498E-001
-9.116222E-001
-9.060400E-001
-9.020510E-001
-8.973678E-001
-8.922054E-001
-8.859124E-001
-8.803589E-001
-8.733842E-001
-8.667967E-001
-8.605333E-001
-8.533836E-001
-8.468150E-001
-8.399786E-001
-8.327119E-001
-8.268914E-001
-8.178639E-001
-8.087181E-001
-8.007435E-001
-7.927936E-001
-7.843563E-001
-7.770004E-001
-7.676744E-001
-7.583236E-001
-7.479219E-001
-7.386846E-001
-7.301322E-001
-7.197349E-001
-7.108699E-001
-7.007723E-001
-6.911945E-001
-6.813312E-001
-6.713173E-001
-6.604539E-001
-6.503090E-001
-6.399635E-001
-6.292793E-001
-6.182927E-001
-6.069355E-001
-5.959362E-001
-5.840491E-001
-5.732724E-001
-5.601841E-001
-5.489648E-001
-5.366970E-001
-5.222872E-001
-5.083243E-001
-4.931917E-001
-4.777970E-001
-4.623138E-001
-4.465534E-001
-4.293378E-001
-4.126755E-001
-3.960168E-001
-3.786136E-001
-3.618086E-001
-3.433529E-001
-3.248646E-001
-3.055891E-001
-2.859282E-001
-2.658868E-001
-2.450770E-001
-2.226726E-001
-2.001058E-001
-1.759898E-001
-1.514001E-001
-1.262674E-001
-9.906465E-002
-6.948718E-002
-3.841386E-002
-5.365177E-003
3.055213E-002
6.800284E-002
1.062722E-001
1.456328E-001
1.826036E-001
2.122946E-001
2.289055E-001
2.275549E-001
2.109974E-001
1.938163E-001
1.883051E-001
1.965944E-001
2.201516E-001
2.535878E-001
2.916649E-001
3.276209E-001
3.480708E-001
3.370758E-001
2.702175E-001
1.296712E-001
-7.741739E-002
-3.064382E-001
-4.972638E-001
-6.172807E-001
-6.709451E-001
-6.784052E-001
-6.583167E-001
-6.240312E-001
-5.816608E-001
-5.407423E-001
-4.987311E-001
-4.591774E-001
-4.221137E-001
-3.866357E-001
-3.523250E-001
-3.212750E-001
-2.907160E-001
-2.621744E-001
-2.346091E-001
-2.083773E-001
-1.835792E-001
-1.583796E-001
-1.353379E-001
-1.126377E-001
-9.063616E-002
-6.999946E-002
-5.032238E-002
-3.150048E-002
-1.346457E-002
3.401783E-003
1.993799E-002
3.636514E-002
5.099164E-002
6.600703E-002
8.050410E-002
9.448881E-002
1.316778E-001
1.480099E-001
1.642480E-001
1.791767E-001
1.948971E-001
2.097874E-001
2.246493E-001
2.396324E-001
2.522635E-001
2.678706E-001
2.806985E-001
2.945334E-001
3.076380E-001
3.196406E-001
3.321259E-001
3.454577E-001
3.570115E-001
3.685283E-001
3.819445E-001
3.936659E-001
4.051914E-001
4.184177E-001
4.278958E-001
4.389973E-001
4.516077E-001
4.618918E-001
4.713179E-001
4.823616E-001
4.921240E-001
5.033419E-001
5.116630E-001
5.222157E-001
5.311466E-001
5.414885E-001
5.507659E-001
5.587683E-001
5.693048E-001
5.774022E-001
5.868057E-001
5.962193E-001
6.038079E-001
6.134689E-001
6.218895E-001
6.308998E-001
6.396911E-001
6.482186E-001
6.560336E-001
6.653951E-001
6.730489E-001
6.814125E-001
6.895329E-001
6.974401E-001
7.058129E-001
7.129039E-001
7.182240E-001
7.261214E-001
7.326704E-001
7.378473E-001
7.446072E-001
7.504715E-001
7.544241E-001
7.584282E-001
7.636408E-001
7.692224E-001
7.744323E-001
7.798432E-001
7.850517E-001
7.898569E-001
7.945021E-001
7.996705E-001
8.048750E-001
8.099378E-001
8.143108E-001
8.189155E-001
8.222114E-001
8.279567E-001
8.329470E-001
8.366289E-001
8.405581E-001
8.454614E-001
8.493187E-001
8.534905E-001
8.586395E-001
8.623897E-001
8.657284E-001
8.696905E-001
8.728677E-001
8.752418E-001
8.790715E-001
8.822989E-001
8.844495E-001
8.872150E-001
8.889579E-001
8.912517E-001
8.935090E-001
8.950989E-001
8.968650E-001
8.982595E-001
9.007980E-001
9.016701E-001
9.028082E-001
9.036137E-001
9.047135E-001
9.048204E-001
9.059730E-001
9.083952E-001
9.098570E-001
9.095845E-001
9.115748E-001
9.123312E-001
9.128441E-001
9.125136E-001
9.124366E-001
9.128116E-001
9.122475E-001
9.125627E-001
9.133233E-001
9.138034E-001
9.145774E-001
9.155667E-001
9.160687E-001
9.159340E-001
9.147813E-001
9.143143E-001
9.143445E-001
9.141161E-001
9.148338E-001
9.137299E-001
9.121269E-001
9.125400E-001
9.103576E-001
9.093948E-001
9.062496E-001
9.051328E-001
9.019929E-001
9.004422E-001
8.996387E-001
8.981187E-001
8.965751E-001
8.951043E-001
8.929790E-001
8.904344E-001
8.881202E-001
8.852955E-001
8.842856E-001
8.809119E-001
8.792747E-001
8.778223E-001
8.749994E-001
8.726692E-001
8.705395E-001
8.676668E-001
8.647808E-001
8.608833E-001
8.587983E-001
8.565331E-001
8.524208E-001
8.503513E-001
8.469934E-001
8.444110E-001
8.409289E-001
8.370543E-001
8.346799E-001
8.308159E-001
8.270210E-001
8.234323E-001
8.194320E-001
8.167346E-001
8.132816E-001
8.094885E-001
8.053444E-001
8.013574E-001
7.965516E-001
7.923908E-001
7.879373E-001
7.833654E-001
7.786551E-001
7.747216E-001
7.700362E-001
7.662138E-001
7.606773E-001
7.577091E-001
7.519442E-001
7.472863E-001
7.432194E-001
7.373467E-001
7.326356E-001
7.269011E-001
7.223774E-001
7.165826E-001
7.111065E-001
7.060249E-001
7.007499E-001
6.951855E-001
6.895224E-001
6.833631E-001
6.776177E-001
6.719938E-001
6.659825E-001
6.598307E-001
6.540313E-001
6.481363E-001
6.417761E-001
6.350014E-001
6.285394E-001
6.216856E-001
6.142225E-001
6.075085E-001
6.010165E-001
5.937007E-001
5.872406E-001
5.802394E-001
5.730021E-001
5.662286E-001
5.588366E-001
5.512092E-001
5.441470E-001
5.371096E-001
5.291082E-001
5.228051E-001
5.150558E-001
5.073882E-001
4.991276E-001
4.916013E-001
4.841007E-001
4.761101E-001
4.673632E-001
4.585235E-001
4.506345E-001
4.424140E-001
4.337820E-001
4.252730E-001
4.165571E-001
4.079259E-001
3.988057E-001
3.899882E-001
3.815175E-001
3.719571E-001
3.626949E-001
3.539018E-001
3.444471E-001
3.360497E-001
3.264707E-001
3.172036E-001
3.073764E-001
2.984942E-001
2.895169E-001
2.802341E-001
2.706148E-001
2.619818E-001
2.522184E-001
2.432486E-001
2.341588E-001
2.245674E-001
2.159396E-001
2.056123E-001
1.961027E-001
1.865334E-001
1.767048E-001
1.670995E-001
1.566068E-001
1.465598E-001
1.358253E-001
1.257768E-001
1.149513E-001
1.046240E-001
9.365399E-002
8.313306E-002
7.191049E-002
6.124797E-002
5.053263E-002
3.945468E-002
2.932882E-002
1.791867E-002
7.037621E-003
-3.680256E-003
-1.491238E-002
-2.612200E-002
-3.761599E-002
-4.900892E-002
-6.067665E-002
-7.227677E-002
-8.358573E-002
-9.488314E-002
-1.060390E-001
-1.173819E-001
-1.292596E-001
-1.402250E-001
-1.513830E-001
-1.625957E-001
-1.749377E-001
-1.872676E-001
-1.987326E-001
-2.122285E-001
-2.250100E-001
-2.375940E-001
-2.501653E-001
-2.628854E-001
-2.746343E-001
-2.841941E-001
-2.921402E-001
-3.020068E-001
-3.146578E-001
-3.291546E-001
-3.431952E-001
-3.575520E-001
-3.718539E-001
-3.860251E-001
-4.006419E-001
-4.145234E-001
-4.286529E-001
-4.430513E-001
-4.571308E-001
-4.709028E-001
-4.857229E-001
-5.002124E-001
-5.136764E-001
-5.274932E-001
-5.407318E-001
-5.542104E-001
-5.669924E-001
-5.796170E-001
-5.918512E-001
-6.035495E-001
-6.133991E-001
-6.240129E-001
-6.335731E-001
-6.409768E-001
-6.475552E-001
-6.527293E-001
-6.550420E-001
-6.558479E-001
-6.527110E-001
-6.453586E-001
-6.342276E-001
-6.183057E-001
-5.974601E-001
-5.701096E-001
-5.368643E-001
-4.966421E-001
-4.511192E-001
-3.992254E-001
-3.423612E-001
-2.811176E-001
-2.180795E-001
-1.551984E-001
-9.553519E-002
-3.999045E-002
9.606970E-003
5.070347E-002
8.259385E-002
1.056847E-001
1.199305E-001
1.269016E-001
1.274035E-001
1.215765E-001
1.103182E-001
9.625384E-002
7.796303E-002
5.648818E-002
3.378490E-002
9.430185E-003
-1.577982E-002
-4.143124E-002
-6.816434E-002
-9.437558E-002
-1.202229E-001
-1.454649E-001
-1.706278E-001
-1.954847E-001
-2.190873E-001
-2.431275E-001
-2.658518E-001
-2.882437E-001
-3.097808E-001
-3.319041E-001
-3.516595E-001
-3.715780E-001
-3.909117E-001
-4.103618E-001
-4.277008E-001
-4.451649E-001
-4.617542E-001
-4.787697E-001
-4.952422E-001
-5.105438E-001
-5.266001E-001
-5.418485E-001
-5.563635E-001
-5.713460E-001
-5.857633E-001
-5.993486E-001
-6.129707E-001
-6.264426E-001
-6.393820E-001
-6.533902E-001
-6.651224E-001
-6.773723E-001
-6.896961E-001
-7.009045E-001
-7.126981E-001
-7.245297E-001
-7.356054E-001
-7.461448E-001
-7.560469E-001
-7.658777E-001
-7.764541E-001
-7.850405E-001
-7.945035E-001
