S11[im]
-1.809749E-001
-1.918161E-001
-2.030174E-001
-2.148266E-001
-2.263800E-001
-2.374069E-001
-2.495306E-001
-2.597258E-001
-2.721862E-001
-2.831494E-001
-2.946761E-001
-3.052745E-001
-3.162771E-001
-3.272413E-001
-3.368337E-001
-3.474898E-001
-3.592088E-001
-3.707070E-001
-3.816864E-001
-3.916709E-001
-4.011081E-001
-4.115945E-001
-4.223972E-001
-4.319325E-001
-4.427386E-001
-4.528209E-001
-4.634762E-001
-4.721315E-001
-4.830243E-001
-4.925406E-001
-5.033430E-001
-5.128731E-001
-5.232439E-001
-5.328208E-001
-5.419214E-001
-5.520883E-001
-5.611842E-001
-5.707629E-001
-5.806124E-001
-5.903062E-001
-5.999631E-001
-6.091633E-001
-6.191981E-001
-6.277777E-001
-6.361735E-001
-6.449417E-001
-6.539109E-001
-6.626127E-001
-6.708703E-001
-6.800249E-001
-6.887458E-001
-6.966719E-001
-7.064633E-001
-7.138035E-001
-7.214307E-001
-7.299359E-001
-7.378369E-001
-7.452188E-001
-7.531571E-001
-7.610011E-001
-7.684909E-001
-7.761211E-001
-7.838079E-001
-7.904459E-001
-7.972871E-001
-8.044759E-001
-8.119851E-001
-8.194947E-001
-8.255208E-001
-8.331937E-001
-8.399122E-001
-8.450489E-001
-8.518391E-001
-8.579048E-001
-8.636327E-001
-8.699288E-001
-8.755792E-001
-8.809676E-001
-8.857203E-001
-8.917992E-001
-8.968271E-001
-9.019095E-001
-9.065051E-001
-9.121470E-001
-9.170240E-001
-9.222620E-001
-9.258413E-001
-9.316217E-001
-9.362170E-001
-9.428524E-001
-9.471307E-001
-9.527850E-001
-9.547682E-001
-9.588761E-001
-9.615571E-001
-9.658793E-001
-9.684249E-001
-9.721937E-001
-9.744899E-001
-9.777899E-001
-9.792632E-001
-9.815542E-001
-9.834060E-001
-9.855530E-001
-9.872095E-001
-9.889481E-001
-9.902848E-001
-9.921806E-001
-9.940838E-001
-9.952284E-001
-9.954218E-001
-9.968973E-001
-9.989195E-001
-1.001009E+000
-1.001229E+000
-1.002315E+000
-1.003435E+000
-1.003982E+000
-1.005317E+000
-1.005207E+000
-1.005645E+000
-1.004329E+000
-1.003849E+000
-1.004218E+000
-1.003010E+000
-1.002023E+000
-9.999922E-001
-9.964802E-001
-9.955077E-001
-9.925727E-001
-9.912242E-001
-9.885623E-001
-9.865974E-001
-9.842295E-001
-9.821372E-001
-9.797308E-001
-9.769665E-001
-9.742813E-001
-9.727446E-001
-9.691061E-001
-9.663572E-001
-9.646271E-001
-9.605865E-001
-9.577708E-001
-9.536706E-001
-9.498144E-001
-9.462672E-001
-9.409711E-001
-9.376861E-001
-9.319661E-001
-9.272447E-001
-9.219489E-001
-9.172692E-001
-9.113734E-001
-9.052582E-001
-8.994007E-001
-8.933460E-001
-8.862956E-001
-8.811852E-001
-8.733991E-001
-8.680606E-001
-8.620408E-001
-8.560025E-001
-8.501421E-001
-8.429563E-001
-8.359444E-001
-8.285189E-001
-8.221558E-001
-8.148996E-001
-8.079500E-001
-8.007436E-001
-7.919314E-001
-7.854554E-001
-7.769331E-001
-7.692568E-001
-7.597805E-001
-7.527074E-001
-7.434551E-001
-7.333022E-001
-7.231982E-001
-7.139713E-001
-7.038176E-001
-6.947757E-001
-6.853382E-001
-6.752422E-001
-6.663493E-001
-6.565864E-001
-6.462458E-001
-6.369240E-001
-6.256852E-001
-6.149181E-001
-6.039304E-001
-5.936630E-001
-5.826532E-001
-5.725634E-001
-5.608735E-001
-5.504104E-001
-5.393770E-001
-5.288588E-001
-5.176579E-001
-5.078179E-001
-4.962878E-001
-4.855865E-001
-4.728546E-001
-4.614751E-001
-4.502229E-001
-4.391693E-001
-4.275109E-001
-4.157832E-001
-4.043836E-001
-3.922381E-001
-3.806567E-001
-3.678760E-001
-3.548177E-001
-3.419301E-001
-3.293031E-001
-3.164218E-001
-3.029025E-001
-2.897875E-001
-2.765494E-001
-2.640486E-001
-2.503466E-001
-2.361878E-001
-2.249126E-001
-2.106269E-001
-1.970330E-001
-1.841908E-001
-1.708764E-001
-1.579390E-001
-1.435654E-001
-1.312093E-001
-1.187798E-001
-1.057481E-001
-9.450594E-002
-8.113089E-002
-6.858802E-002
-5.608202E-002
-4.416699E-002
-3.069090E-002
-1.750798E-002
-4.270047E-003
9.704308E-003
2.361606E-002
3.691568E-002
5.090148E-002
6.497073E-002
7.943401E-002
9.312130E-002
1.072469E-001
1.203290E-001
1.335390E-001
1.475290E-001
1.603734E-001
1.730720E-001
1.853811E-001
1.979646E-001
2.105696E-001
2.229638E-001
2.348867E-001
2.486653E-001
2.593515E-001
2.724551E-001
2.849391E-001
2.982978E-001
3.104934E-001
3.235067E-001
3.368479E-001
3.485252E-001
3.618796E-001
3.742900E-001
3.878592E-001
4.011754E-001
4.144219E-001
4.273043E-001
4.402123E-001
4.529617E-001
4.652506E-001
4.772411E-001
4.892310E-001
5.000327E-001
5.114876E-001
5.220910E-001
5.352536E-001
5.458977E-001
5.571647E-001
5.668496E-001
5.777888E-001
5.885618E-001
5.995156E-001
6.109921E-001
6.211897E-001
6.316629E-001
6.419581E-001
6.526148E-001
6.645641E-001
6.746277E-001
6.858624E-001
6.960072E-001
7.070362E-001
7.167459E-001
7.261289E-001
7.356232E-001
7.445859E-001
7.550333E-001
7.627615E-001
7.710196E-001
7.789738E-001
7.876340E-001
7.941790E-001
8.024193E-001
8.102860E-001
8.184752E-001
8.273949E-001
8.345709E-001
8.430141E-001
8.509667E-001
8.591785E-001
8.657824E-001
8.741773E-001
8.810288E-001
8.883094E-001
8.953272E-001
9.012956E-001
9.084570E-001
9.134688E-001
9.188179E-001
9.235402E-001
9.273458E-001
9.307960E-001
9.331105E-001
9.357421E-001
9.359747E-001
9.354845E-001
9.336664E-001
9.304695E-001
9.235408E-001
9.142843E-001
9.001970E-001
8.798402E-001
8.515581E-001
8.140934E-001
7.671315E-001
7.114837E-001
6.579192E-001
6.165407E-001
5.938978E-001
5.835961E-001
5.767431E-001
5.626655E-001
5.337088E-001
4.859717E-001
4.128469E-001
3.104731E-001
1.769945E-001
2.581754E-002
-1.119355E-001
-1.889979E-001
-1.692341E-001
-6.073263E-002
9.371033E-002
2.506759E-001
3.891383E-001
5.028572E-001
5.938351E-001
6.650685E-001
7.210833E-001
7.637873E-001
7.993740E-001
8.273077E-001
8.495939E-001
8.680595E-001
8.831078E-001
8.951200E-001
9.054251E-001
9.142482E-001
9.203913E-001
9.269601E-001
9.322850E-001
9.371929E-001
9.403837E-001
9.448618E-001
9.481057E-001
9.515861E-001
9.542990E-001
9.577037E-001
9.607584E-001
9.621487E-001
9.652486E-001
9.666680E-001
9.661450E-001
9.655721E-001
9.644816E-001
9.444084E-001
9.410528E-001
9.395290E-001
9.367220E-001
9.332496E-001
9.286592E-001
9.251043E-001
9.216159E-001
9.184313E-001
9.138821E-001
9.094850E-001
9.050868E-001
9.000206E-001
8.967063E-001
8.914202E-001
8.868750E-001
8.817644E-001
8.765975E-001
8.714360E-001
8.658779E-001
8.601060E-001
8.551410E-001
8.482185E-001
8.422505E-001
8.337880E-001
8.286213E-001
8.224513E-001
8.151842E-001
8.092695E-001
8.024464E-001
7.939489E-001
7.872835E-001
7.813313E-001
7.732844E-001
7.664495E-001
7.596540E-001
7.515524E-001
7.466235E-001
7.374199E-001
7.316328E-001
7.235856E-001
7.170374E-001
7.082542E-001
7.016661E-001
6.948991E-001
6.879228E-001
6.804045E-001
6.716624E-001
6.642408E-001
6.564196E-001
6.477824E-001
6.378230E-001
6.301453E-001
6.202593E-001
6.113721E-001
6.006017E-001
5.911724E-001
5.817433E-001
5.708497E-001
5.613406E-001
5.509084E-001
5.419776E-001
5.329884E-001
5.246295E-001
5.155840E-001
5.069755E-001
4.976964E-001
4.892425E-001
4.804376E-001
4.720126E-001
4.620473E-001
4.527074E-001
4.438601E-001
4.353113E-001
4.265245E-001
4.187584E-001
4.095098E-001
4.005755E-001
3.908663E-001
3.818299E-001
3.738336E-001
3.641483E-001
3.545886E-001
3.441566E-001
3.348884E-001
3.255506E-001
3.152923E-001
3.056294E-001
2.946263E-001
2.844945E-001
2.737052E-001
2.633021E-001
2.539853E-001
2.430198E-001
2.330446E-001
2.235583E-001
2.132329E-001
2.037114E-001
1.937365E-001
1.844335E-001
1.752012E-001
1.650247E-001
1.555649E-001
1.464908E-001
1.368538E-001
1.288435E-001
1.198210E-001
1.108531E-001
1.018422E-001
9.164412E-002
8.279818E-002
7.415909E-002
6.513403E-002
5.619405E-002
4.777608E-002
3.925857E-002
3.119396E-002
2.157719E-002
1.266783E-002
2.803587E-003
-7.854817E-003
-1.748653E-002
-2.742209E-002
-3.663577E-002
-4.575150E-002
-5.544430E-002
-6.537350E-002
-7.522009E-002
-8.473325E-002
-9.500197E-002
-1.052644E-001
-1.152568E-001
-1.246249E-001
-1.333427E-001
-1.417097E-001
-1.502180E-001
-1.584645E-001
-1.673029E-001
-1.754936E-001
-1.836152E-001
-1.930543E-001
-2.019548E-001
-2.096114E-001
-2.176675E-001
-2.257415E-001
-2.322215E-001
-2.396974E-001
-2.481935E-001
-2.564916E-001
-2.643444E-001
-2.726763E-001
-2.818242E-001
-2.904122E-001
-2.969464E-001
-3.056584E-001
-3.143706E-001
-3.217348E-001
-3.297102E-001
-3.366391E-001
-3.459493E-001
-3.545753E-001
-3.624909E-001
-3.703065E-001
-3.788214E-001
-3.862607E-001
-3.950011E-001
-4.026827E-001
-4.101524E-001
-4.177792E-001
-4.261141E-001
-4.349787E-001
-4.428492E-001
-4.505829E-001
-4.584355E-001
-4.658285E-001
-4.735132E-001
-4.799086E-001
-4.875531E-001
-4.946713E-001
-5.022368E-001
-5.099447E-001
-5.173186E-001
-5.250425E-001
-5.322671E-001
-5.397666E-001
-5.480053E-001
-5.546488E-001
-5.620570E-001
-5.689657E-001
-5.763863E-001
-5.834888E-001
-5.905655E-001
-5.977687E-001
-6.059174E-001
-6.127984E-001
-6.196929E-001
-6.266453E-001
-6.330422E-001
-6.393642E-001
-6.465435E-001
-6.530331E-001
-6.604031E-001
-6.678568E-001
-6.744783E-001
-6.808767E-001
-6.874588E-001
-6.937323E-001
-6.992038E-001
-7.055064E-001
-7.119525E-001
-7.172862E-001
-7.235791E-001
-7.295979E-001
-7.358409E-001
-7.415075E-001
-7.475539E-001
-7.532226E-001
-7.591550E-001
-7.644925E-001
-7.699158E-001
-7.761664E-001
-7.818593E-001
-7.866769E-001
-7.930582E-001
-7.992347E-001
-8.043122E-001
-8.095838E-001
-8.146098E-001
-8.196235E-001
-8.240935E-001
-8.286413E-001
-8.333820E-001
-8.377060E-001
-8.422789E-001
-8.462764E-001
-8.507893E-001
-8.547386E-001
-8.591877E-001
-8.629223E-001
-8.662245E-001
-8.695258E-001
-8.739246E-001
-8.771144E-001
-8.803028E-001
-8.837734E-001
-8.876128E-001
-8.904577E-001
-8.937687E-001
-8.966454E-001
-8.992778E-001
-9.017965E-001
-9.046119E-001
-9.075766E-001
-9.105263E-001
-9.137312E-001
-9.169699E-001
-9.191400E-001
-9.209056E-001
-9.240099E-001
-9.249661E-001
-9.273000E-001
-9.291760E-001
-9.306985E-001
-9.327642E-001
-9.334072E-001
-9.339411E-001
-9.355841E-001
-9.358237E-001
-9.360273E-001
-9.365132E-001
-9.371231E-001
-9.375523E-001
-9.376160E-001
-9.374880E-001
-9.384995E-001
-9.373624E-001
-9.376273E-001
-9.372494E-001
-9.368114E-001
-9.373436E-001
-9.358572E-001
-9.346071E-001
-9.323803E-001
-9.313291E-001
-9.279135E-001
-9.269232E-001
-9.250829E-001
-9.231404E-001
-9.216052E-001
-9.196489E-001
-9.164110E-001
-9.146259E-001
-9.105098E-001
-9.078373E-001
-9.047003E-001
-8.999059E-001
-8.944519E-001
-8.881866E-001
-8.818745E-001
-8.744571E-001
-8.700440E-001
-8.678910E-001
-8.652490E-001
-8.622262E-001
-8.570276E-001
-8.506958E-001
-8.441167E-001
-8.359817E-001
-8.275863E-001
-8.190022E-001
-8.099593E-001
-7.996105E-001
-7.900731E-001
-7.774258E-001
-7.657860E-001
-7.528446E-001
-7.388251E-001
-7.247100E-001
-7.088829E-001
-6.922375E-001
-6.740869E-001
-6.555151E-001
-6.351555E-001
-6.135557E-001
-5.905338E-001
-5.666988E-001
-5.411649E-001
-5.132582E-001
-4.836386E-001
-4.522786E-001
-4.189734E-001
-3.832369E-001
-3.467741E-001
-3.082259E-001
-2.688246E-001
-2.285288E-001
-1.881110E-001
-1.479541E-001
-1.103452E-001
-7.544507E-002
-4.491208E-002
-2.070303E-002
-2.975406E-003
5.302357E-003
4.339244E-003
-7.714164E-003
-2.960443E-002
-6.108481E-002
-1.006458E-001
-1.472691E-001
-1.980901E-001
-2.507601E-001
-3.038325E-001
-3.556614E-001
-4.055879E-001
-4.532103E-001
-4.971473E-001
-5.375901E-001
-5.748510E-001
-6.082042E-001
-6.374415E-001
-6.631825E-001
-6.860025E-001
-7.059003E-001
-7.227307E-001
-7.366607E-001
-7.484062E-001
-7.582061E-001
-7.660487E-001
-7.727327E-001
-7.771932E-001
-7.807907E-001
-7.836705E-001
-7.845747E-001
-7.848250E-001
-7.837762E-001
-7.812489E-001
-7.792898E-001
-7.766993E-001
-7.724584E-001
-7.682363E-001
-7.637118E-001
-7.592910E-001
-7.535340E-001
-7.472299E-001
-7.413086E-001
-7.343870E-001
-7.273727E-001
-7.195389E-001
-7.112295E-001
-7.032922E-001
-6.944380E-001
-6.860840E-001
-6.767976E-001
-6.674473E-001
-6.576993E-001
-6.484150E-001
-6.377973E-001
-6.278172E-001
-6.175379E-001
-6.065361E-001
-5.965130E-001
-5.857720E-001
-5.738149E-001
-5.637378E-001
-5.527037E-001
-5.415500E-001
-5.289298E-001
-5.177122E-001
