S21[re]
2.107004E-004
2.456182E-004
2.847686E-004
3.698918E-004
3.026139E-004
4.414000E-004
4.260170E-004
5.366211E-004
5.082061E-004
5.377891E-004
6.384323E-004
5.537301E-004
9.359985E-004
7.775080E-004
9.366678E-004
9.717383E-004
1.004744E-003
9.792731E-004
1.026582E-003
1.001091E-003
1.361696E-003
1.319516E-003
1.320503E-003
1.384545E-003
1.476725E-003
1.540800E-003
1.550402E-003
1.718479E-003
1.842133E-003
1.867096E-003
1.821415E-003
1.992343E-003
2.079803E-003
2.060967E-003
2.113852E-003
2.337408E-003
2.478816E-003
2.473589E-003
2.594713E-003
2.734925E-003
2.931094E-003
2.920656E-003
2.940722E-003
3.130333E-003
3.255648E-003
3.320138E-003
3.329091E-003
3.513615E-003
3.554906E-003
3.762444E-003
3.804545E-003
3.997000E-003
4.076527E-003
4.121962E-003
4.274285E-003
4.423062E-003
4.495647E-003
4.681875E-003
4.828227E-003
4.859911E-003
5.043606E-003
5.102281E-003
5.160391E-003
5.457138E-003
5.372106E-003
5.575016E-003
5.514447E-003
5.827758E-003
5.919093E-003
5.903581E-003
6.087072E-003
6.295740E-003
6.517601E-003
6.514195E-003
6.711319E-003
6.882714E-003
7.015886E-003
7.158667E-003
7.307115E-003
7.228275E-003
7.477621E-003
7.716181E-003
7.763823E-003
8.038453E-003
7.814393E-003
8.168356E-003
8.310987E-003
8.383537E-003
8.417957E-003
9.007989E-003
8.695873E-003
9.090445E-003
9.231074E-003
9.440289E-003
9.777462E-003
9.633926E-003
1.007288E-002
1.005897E-002
1.013464E-002
1.004122E-002
1.012767E-002
1.015287E-002
1.034254E-002
1.045398E-002
1.056307E-002
1.055154E-002
1.074878E-002
1.096899E-002
1.087289E-002
1.095997E-002
1.104757E-002
1.131825E-002
1.109750E-002
1.141598E-002
1.158610E-002
1.156040E-002
1.167980E-002
1.186719E-002
1.215576E-002
1.220048E-002
1.214205E-002
1.250201E-002
1.245807E-002
1.253343E-002
1.265122E-002
1.268459E-002
1.289379E-002
1.307443E-002
1.327615E-002
1.291705E-002
1.321835E-002
1.323410E-002
1.338736E-002
1.335682E-002
1.329065E-002
1.314561E-002
1.325823E-002
1.331608E-002
1.325133E-002
1.336998E-002
1.339672E-002
1.333740E-002
1.330642E-002
1.359875E-002
1.356890E-002
1.346404E-002
1.358912E-002
1.336688E-002
1.353027E-002
1.358009E-002
1.358539E-002
1.349066E-002
1.362607E-002
1.373166E-002
1.368207E-002
1.365808E-002
1.363183E-002
1.374463E-002
1.380067E-002
1.378974E-002
1.384093E-002
1.383611E-002
1.389167E-002
1.393498E-002
1.385531E-002
1.382245E-002
1.365822E-002
1.357980E-002
1.334058E-002
1.317185E-002
1.285096E-002
1.267481E-002
1.247680E-002
1.218249E-002
1.203935E-002
1.189046E-002
1.170885E-002
1.156212E-002
1.163216E-002
1.178347E-002
1.163621E-002
1.167354E-002
1.164137E-002
1.159789E-002
1.174642E-002
1.181143E-002
1.194356E-002
1.187857E-002
1.181822E-002
1.199039E-002
1.190558E-002
1.172581E-002
1.180055E-002
1.177711E-002
1.170913E-002
1.155520E-002
1.140521E-002
1.125163E-002
1.125072E-002
1.089877E-002
1.081242E-002
1.063566E-002
1.009648E-002
1.009816E-002
9.834141E-003
9.520701E-003
9.155383E-003
8.762014E-003
8.621802E-003
8.340147E-003
8.100781E-003
8.117850E-003
7.969680E-003
7.751626E-003
7.448468E-003
7.039076E-003
7.227165E-003
6.898221E-003
6.741301E-003
6.900937E-003
6.781962E-003
6.496824E-003
6.579326E-003
6.720440E-003
6.616931E-003
6.088158E-003
5.984310E-003
5.850928E-003
5.438794E-003
5.087593E-003
4.715600E-003
4.616201E-003
5.283772E-003
5.035472E-003
4.500199E-003
4.171226E-003
3.612984E-003
3.258156E-003
2.962797E-003
2.618776E-003
2.163309E-003
1.689964E-003
1.076838E-003
5.544150E-004
1.946664E-004
-2.847956E-004
-3.505799E-004
-8.896001E-004
-1.221317E-003
-1.607365E-003
-2.047728E-003
-2.645565E-003
-3.157160E-003
-3.665795E-003
-4.019707E-003
-4.502331E-003
-4.818789E-003
-4.932944E-003
-5.095912E-003
-5.354865E-003
-5.716847E-003
-6.067241E-003
-6.347847E-003
-6.750009E-003
-6.991457E-003
-7.377533E-003
-7.781890E-003
-8.063080E-003
-8.416033E-003
-8.888194E-003
-9.176872E-003
-9.611809E-003
-1.001939E-002
-1.036750E-002
-1.068334E-002
-1.091383E-002
-1.136885E-002
-1.172318E-002
-1.207383E-002
-1.231581E-002
-1.264476E-002
-1.300381E-002
-1.336416E-002
-1.359781E-002
-1.391243E-002
-1.415844E-002
-1.458348E-002
-1.493568E-002
-1.543961E-002
-1.581720E-002
-1.604693E-002
-1.635781E-002
-1.639719E-002
-1.655740E-002
-1.677884E-002
-1.692314E-002
-1.697331E-002
-1.694332E-002
-1.702807E-002
-1.697909E-002
-1.670287E-002
-1.656225E-002
-1.645203E-002
-1.620809E-002
-1.585124E-002
-1.577220E-002
-1.555983E-002
-1.515448E-002
-1.457210E-002
-1.400284E-002
-1.349885E-002
-1.251598E-002
-1.182339E-002
-1.106757E-002
-1.018596E-002
-9.094698E-003
-7.804193E-003
-6.194395E-003
-4.771541E-003
-2.856354E-003
-7.329886E-004
1.565758E-003
4.311368E-003
7.590667E-003
1.109125E-002
1.513410E-002
2.031621E-002
2.570440E-002
3.223025E-002
3.935133E-002
4.770351E-002
5.731081E-002
6.865416E-002
8.114659E-002
9.574520E-002
1.126957E-001
1.313502E-001
1.505594E-001
1.698437E-001
1.850863E-001
1.890634E-001
1.705808E-001
1.165554E-001
1.727218E-002
-1.150220E-001
-2.552096E-001
-3.759697E-001
-4.677325E-001
-5.312908E-001
-5.751166E-001
-6.060135E-001
-6.262456E-001
-6.311417E-001
-6.140136E-001
-5.614451E-001
-4.623140E-001
-3.198915E-001
-1.634829E-001
-2.796790E-002
6.427798E-002
1.158012E-001
1.384016E-001
1.438950E-001
1.401019E-001
1.313354E-001
1.204525E-001
1.090942E-001
9.810862E-002
8.755595E-002
7.836498E-002
6.992110E-002
6.195587E-002
5.503779E-002
4.866812E-002
4.304114E-002
3.759322E-002
3.251237E-002
2.836839E-002
2.432534E-002
2.072335E-002
1.745881E-002
1.446609E-002
1.157948E-002
8.995753E-003
6.576764E-003
4.174241E-003
2.447280E-003
5.266839E-004
-1.036035E-003
-2.900395E-003
-4.325189E-003
-5.518389E-003
-6.969939E-003
-7.966705E-003
-8.928430E-003
-9.966751E-003
-1.090488E-002
-1.167058E-002
-1.228755E-002
-1.302731E-002
-1.340215E-002
-1.416771E-002
-1.488093E-002
-1.518360E-002
-1.548277E-002
-1.616917E-002
-1.661504E-002
-1.688810E-002
-1.727132E-002
-1.783007E-002
-1.810213E-002
-1.830984E-002
-1.847188E-002
-1.897107E-002
-1.941534E-002
-1.944681E-002
-1.960615E-002
-1.987446E-002
-1.980252E-002
-2.003715E-002
-2.005078E-002
-2.022212E-002
-2.012788E-002
-1.998413E-002
-2.008975E-002
-1.992000E-002
-1.976582E-002
-1.961716E-002
-1.930188E-002
-1.903845E-002
-1.872588E-002
-1.830431E-002
-1.795994E-002
-1.759678E-002
-1.723103E-002
-1.688109E-002
-1.658600E-002
-1.632677E-002
-1.600215E-002
-1.534433E-002
-1.487705E-002
-1.440394E-002
-1.386048E-002
-1.360776E-002
-1.338916E-002
-1.274570E-002
-1.235225E-002
-1.167106E-002
-1.134185E-002
-1.054531E-002
-9.426058E-003
-8.714098E-003
-9.209617E-003
-9.872735E-003
-1.055618E-002
-1.086904E-002
-1.086376E-002
-1.062681E-002
-1.032744E-002
-1.013210E-002
-9.426322E-003
-9.157262E-003
-8.934671E-003
-8.590439E-003
-8.139796E-003
-7.295898E-003
-7.025933E-003
-6.692265E-003
-6.509244E-003
-5.937708E-003
-5.463833E-003
-4.820285E-003
-4.428671E-003
-4.100274E-003
-4.183637E-003
-3.491980E-003
-2.662612E-003
-2.347060E-003
-1.411209E-003
-9.750499E-004
-3.564408E-004
4.552206E-004
1.050816E-003
1.594158E-003
2.258127E-003
2.955498E-003
3.465050E-003
3.757042E-003
4.467138E-003
4.967394E-003
5.770678E-003
6.201574E-003
6.769960E-003
7.353476E-003
7.911932E-003
8.548531E-003
8.854856E-003
9.090294E-003
9.457028E-003
9.381539E-003
9.647372E-003
1.001391E-002
1.063669E-002
1.113879E-002
1.131631E-002
1.116487E-002
1.122473E-002
1.138646E-002
1.150083E-002
1.117554E-002
1.114770E-002
1.127024E-002
1.190723E-002
1.222476E-002
1.185976E-002
1.175181E-002
1.154660E-002
1.178044E-002
1.170844E-002
1.188792E-002
1.193837E-002
1.234167E-002
1.289708E-002
1.320880E-002
1.302873E-002
1.283923E-002
1.284144E-002
1.274377E-002
1.279191E-002
1.309916E-002
1.298228E-002
1.327632E-002
1.356355E-002
1.390750E-002
1.376722E-002
1.369137E-002
1.351124E-002
1.294625E-002
1.277443E-002
1.288271E-002
1.264808E-002
1.252861E-002
1.220961E-002
1.190824E-002
1.168597E-002
1.170374E-002
1.154828E-002
1.121086E-002
1.066770E-002
1.038154E-002
1.050411E-002
1.065193E-002
1.096592E-002
1.114660E-002
1.148418E-002
1.152018E-002
1.152839E-002
1.175657E-002
1.175217E-002
1.214380E-002
1.226792E-002
1.311521E-002
1.342518E-002
1.391811E-002
1.417357E-002
1.447560E-002
1.472257E-002
1.484871E-002
1.489975E-002
1.525739E-002
1.547263E-002
1.623523E-002
1.697873E-002
1.722633E-002
1.768489E-002
1.823717E-002
1.857233E-002
1.881232E-002
1.934505E-002
2.016162E-002
2.108384E-002
2.196500E-002
2.289633E-002
2.352397E-002
2.417411E-002
2.482855E-002
2.576824E-002
2.628541E-002
2.716306E-002
2.796420E-002
2.898391E-002
2.998732E-002
3.096308E-002
3.206837E-002
3.297371E-002
3.388660E-002
3.486259E-002
3.566481E-002
3.650978E-002
3.717072E-002
3.857060E-002
3.976311E-002
4.103854E-002
4.199076E-002
4.284111E-002
4.384118E-002
4.498563E-002
4.595842E-002
4.728260E-002
4.830937E-002
4.919457E-002
5.036645E-002
5.134823E-002
5.235326E-002
5.332033E-002
5.401674E-002
5.507922E-002
5.582570E-002
5.701884E-002
5.768188E-002
5.864965E-002
5.978692E-002
6.068674E-002
6.166586E-002
6.292242E-002
6.399333E-002
6.515917E-002
6.640823E-002
6.738462E-002
6.871009E-002
6.995384E-002
7.123458E-002
7.225195E-002
7.374801E-002
7.500780E-002
7.638755E-002
7.756170E-002
7.866453E-002
7.997590E-002
8.113459E-002
8.220253E-002
8.344730E-002
8.490803E-002
8.594590E-002
8.732753E-002
8.866969E-002
9.023335E-002
9.144534E-002
9.281118E-002
9.439050E-002
9.616851E-002
9.770988E-002
9.906551E-002
1.006537E-001
1.020851E-001
1.038289E-001
1.055212E-001
1.072846E-001
1.090997E-001
1.108335E-001
1.123759E-001
1.143127E-001
1.162293E-001
1.182600E-001
1.197559E-001
1.217295E-001
1.236972E-001
1.261099E-001
1.281618E-001
1.306543E-001
1.329456E-001
1.351985E-001
1.376049E-001
1.399319E-001
1.425140E-001
1.445131E-001
1.466601E-001
1.485812E-001
1.505762E-001
1.524078E-001
1.548505E-001
1.575378E-001
1.601853E-001
1.635804E-001
1.667800E-001
1.703002E-001
1.740373E-001
1.775543E-001
1.808960E-001
1.839265E-001
1.866062E-001
1.879618E-001
1.889504E-001
1.913062E-001
1.952193E-001
1.996984E-001
2.042168E-001
2.089949E-001
2.137711E-001
2.188129E-001
2.234217E-001
2.285227E-001
2.333689E-001
2.381049E-001
2.430335E-001
2.477399E-001
2.521723E-001
2.570776E-001
2.617161E-001
2.660834E-001
2.704707E-001
2.751770E-001
2.791987E-001
2.831393E-001
2.862382E-001
2.890191E-001
2.914157E-001
2.932307E-001
2.936467E-001
2.930400E-001
2.916977E-001
2.886003E-001
2.844082E-001
2.776332E-001
2.681475E-001
2.558523E-001
2.402359E-001
2.206571E-001
1.959883E-001
1.664106E-001
1.307529E-001
8.929723E-002
4.230635E-002
-9.620853E-003
-6.653958E-002
-1.265595E-001
-1.896702E-001
-2.530888E-001
-3.147951E-001
-3.727675E-001
-4.257569E-001
-4.719135E-001
-5.115866E-001
-5.419379E-001
-5.662493E-001
-5.824676E-001
-5.928586E-001
-5.972721E-001
-5.972895E-001
-5.938799E-001
-5.876774E-001
-5.775612E-001
-5.667208E-001
-5.544536E-001
-5.411927E-001
-5.277880E-001
-5.136281E-001
-4.998071E-001
-4.863501E-001
-4.729109E-001
-4.593973E-001
-4.461295E-001
-4.328167E-001
-4.197894E-001
-4.072756E-001
-3.946545E-001
-3.829767E-001
-3.714807E-001
-3.607607E-001
-3.505748E-001
-3.402446E-001
-3.304345E-001
-3.210261E-001
-3.119512E-001
-3.032884E-001
-2.948672E-001
-2.872016E-001
-2.792901E-001
-2.720954E-001
-2.651266E-001
-2.584573E-001
-2.522146E-001
-2.459580E-001
-2.393871E-001
-2.336906E-001
-2.272088E-001
-2.211565E-001
-2.152753E-001
-2.092854E-001
-2.037985E-001
-1.984821E-001
-1.935298E-001
-1.889304E-001
-1.840301E-001
-1.799732E-001
-1.756573E-001
-1.713309E-001
-1.670244E-001
-1.624985E-001
-1.575800E-001
-1.525613E-001
