S21[im]
1.311818E-003
1.405332E-003
1.518239E-003
1.620351E-003
1.517989E-003
1.715022E-003
1.695128E-003
1.942526E-003
1.927979E-003
2.093332E-003
1.971087E-003
2.120614E-003
2.234607E-003
2.355611E-003
2.346739E-003
2.477897E-003
2.496067E-003
2.587602E-003
2.665540E-003
2.804465E-003
2.896768E-003
2.808289E-003
2.722615E-003
2.968800E-003
3.025064E-003
3.115074E-003
3.138382E-003
3.109405E-003
3.376991E-003
3.191608E-003
3.265152E-003
3.474455E-003
3.511302E-003
3.552919E-003
3.623819E-003
3.567825E-003
3.721280E-003
3.727783E-003
3.738471E-003
3.830905E-003
3.905330E-003
3.969642E-003
3.911351E-003
4.087459E-003
3.962522E-003
3.971127E-003
4.075714E-003
4.138984E-003
4.051500E-003
4.210124E-003
4.057095E-003
4.109329E-003
4.186378E-003
4.236507E-003
4.139699E-003
4.329412E-003
4.272792E-003
4.241007E-003
4.301327E-003
4.321886E-003
4.336832E-003
4.342818E-003
4.088580E-003
4.140435E-003
4.365640E-003
4.448636E-003
4.159780E-003
4.059032E-003
4.211791E-003
4.123113E-003
4.241635E-003
4.240834E-003
4.320367E-003
4.270894E-003
4.084780E-003
4.044623E-003
4.119861E-003
3.824384E-003
3.827845E-003
4.011867E-003
3.826187E-003
3.881223E-003
3.643023E-003
3.820851E-003
3.772176E-003
3.653831E-003
3.549130E-003
3.705401E-003
3.578089E-003
3.499929E-003
3.447987E-003
2.980935E-003
3.231819E-003
3.086202E-003
3.099005E-003
2.598971E-003
2.736222E-003
2.545458E-003
2.476900E-003
2.277114E-003
1.999742E-003
1.734591E-003
1.784163E-003
1.832607E-003
1.694265E-003
1.739522E-003
1.510682E-003
1.673863E-003
1.258439E-003
1.084672E-003
1.072807E-003
9.256102E-004
7.106955E-004
8.698424E-004
9.954758E-004
6.353517E-004
5.063900E-004
3.907484E-004
4.011185E-005
2.968612E-005
-3.168946E-004
-5.464871E-004
-4.923621E-004
-7.235496E-004
-9.678414E-004
-1.019104E-003
-1.265315E-003
-1.456033E-003
-1.892365E-003
-1.971792E-003
-2.093587E-003
-2.474034E-003
-2.523902E-003
-2.866473E-003
-3.067456E-003
-3.373499E-003
-3.409853E-003
-3.501173E-003
-3.822497E-003
-3.932272E-003
-4.122341E-003
-4.296237E-003
-4.564055E-003
-4.591612E-003
-4.693788E-003
-4.941168E-003
-5.054703E-003
-5.223471E-003
-5.535608E-003
-5.535838E-003
-5.727372E-003
-5.916888E-003
-6.288921E-003
-6.366032E-003
-6.561263E-003
-6.787905E-003
-6.872903E-003
-7.348137E-003
-7.375822E-003
-7.666553E-003
-7.846980E-003
-8.180247E-003
-8.394150E-003
-8.809721E-003
-9.118882E-003
-9.409326E-003
-9.752980E-003
-1.012263E-002
-1.037647E-002
-1.066661E-002
-1.091160E-002
-1.115520E-002
-1.120759E-002
-1.130946E-002
-1.145819E-002
-1.141674E-002
-1.136104E-002
-1.141160E-002
-1.132240E-002
-1.141130E-002
-1.162339E-002
-1.187597E-002
-1.180184E-002
-1.186915E-002
-1.200124E-002
-1.214448E-002
-1.244588E-002
-1.265073E-002
-1.295325E-002
-1.313634E-002
-1.364083E-002
-1.383518E-002
-1.398245E-002
-1.443666E-002
-1.466800E-002
-1.502424E-002
-1.528967E-002
-1.573425E-002
-1.604704E-002
-1.627933E-002
-1.654833E-002
-1.669245E-002
-1.701892E-002
-1.731641E-002
-1.757421E-002
-1.777071E-002
-1.794222E-002
-1.801115E-002
-1.829024E-002
-1.820263E-002
-1.848878E-002
-1.843564E-002
-1.836125E-002
-1.864487E-002
-1.881380E-002
-1.879892E-002
-1.900692E-002
-1.887845E-002
-1.899948E-002
-1.900574E-002
-1.921851E-002
-1.932019E-002
-1.963194E-002
-1.964074E-002
-2.043657E-002
-2.068809E-002
-2.087980E-002
-2.095915E-002
-2.133369E-002
-2.159887E-002
-2.150201E-002
-2.100872E-002
-2.152905E-002
-2.247743E-002
-2.288232E-002
-2.314640E-002
-2.347099E-002
-2.371267E-002
-2.388580E-002
-2.406661E-002
-2.434815E-002
-2.468977E-002
-2.476332E-002
-2.478538E-002
-2.477717E-002
-2.465303E-002
-2.465068E-002
-2.477614E-002
-2.501857E-002
-2.509358E-002
-2.522373E-002
-2.516000E-002
-2.508631E-002
-2.508305E-002
-2.497870E-002
-2.489396E-002
-2.464955E-002
-2.463480E-002
-2.463634E-002
-2.447711E-002
-2.452730E-002
-2.451503E-002
-2.439335E-002
-2.432470E-002
-2.445811E-002
-2.445284E-002
-2.435979E-002
-2.428112E-002
-2.428060E-002
-2.424265E-002
-2.411335E-002
-2.390712E-002
-2.380263E-002
-2.362105E-002
-2.363684E-002
-2.352578E-002
-2.335852E-002
-2.304478E-002
-2.291725E-002
-2.273683E-002
-2.261114E-002
-2.237085E-002
-2.213315E-002
-2.185267E-002
-2.160491E-002
-2.160112E-002
-2.141900E-002
-2.121304E-002
-2.084032E-002
-2.035239E-002
-1.993388E-002
-1.946013E-002
-1.900233E-002
-1.841062E-002
-1.800625E-002
-1.749289E-002
-1.699822E-002
-1.658902E-002
-1.603380E-002
-1.535112E-002
-1.481476E-002
-1.451075E-002
-1.410440E-002
-1.335789E-002
-1.301490E-002
-1.246715E-002
-1.182289E-002
-1.125291E-002
-1.058734E-002
-9.988119E-003
-9.508858E-003
-8.929239E-003
-8.385237E-003
-8.006332E-003
-7.139050E-003
-6.514001E-003
-5.681876E-003
-5.202442E-003
-4.717743E-003
-3.851246E-003
-3.240571E-003
-2.784194E-003
-2.171281E-003
-1.827458E-003
-1.213180E-003
-1.267933E-003
-1.168523E-003
-1.769728E-003
-2.916688E-003
-4.443976E-003
-6.867203E-003
-1.059180E-002
-1.549347E-002
-2.265751E-002
-3.223915E-002
-4.630285E-002
-6.615578E-002
-9.329101E-002
-1.306828E-001
-1.825316E-001
-2.514480E-001
-3.367144E-001
-4.296640E-001
-5.072461E-001
-5.459965E-001
-5.318089E-001
-4.735454E-001
-3.902600E-001
-2.981863E-001
-2.051055E-001
-1.108279E-001
-1.002337E-002
1.003029E-001
2.219825E-001
3.497915E-001
4.656652E-001
5.420736E-001
5.545826E-001
5.103875E-001
4.337890E-001
3.530886E-001
2.813357E-001
2.222036E-001
1.752795E-001
1.383833E-001
1.103066E-001
8.855999E-002
7.123014E-002
5.797290E-002
4.746174E-002
3.907454E-002
3.221059E-002
2.658176E-002
2.189316E-002
1.824925E-002
1.530119E-002
1.259733E-002
1.083239E-002
9.231484E-003
7.761399E-003
6.885717E-003
6.033223E-003
5.201480E-003
4.891330E-003
4.504533E-003
4.553690E-003
4.476528E-003
4.386900E-003
4.372504E-003
4.660864E-003
5.043024E-003
4.873818E-003
5.382218E-003
5.711013E-003
5.885978E-003
6.495820E-003
6.842982E-003
7.369783E-003
7.597363E-003
8.064836E-003
8.429172E-003
8.699547E-003
8.963006E-003
9.645071E-003
1.010189E-002
1.056744E-002
1.079695E-002
1.130570E-002
1.179640E-002
1.219770E-002
1.254722E-002
1.322680E-002
1.371402E-002
1.405239E-002
1.466657E-002
1.510519E-002
1.584490E-002
1.624843E-002
1.688448E-002
1.747063E-002
1.784455E-002
1.874514E-002
1.930280E-002
1.997966E-002
2.060025E-002
2.108059E-002
2.164707E-002
2.235473E-002
2.298823E-002
2.358690E-002
2.410283E-002
2.455298E-002
2.500137E-002
2.542050E-002
2.587407E-002
2.633335E-002
2.656483E-002
2.720158E-002
2.742961E-002
2.781240E-002
2.801091E-002
2.848399E-002
2.861870E-002
2.863280E-002
2.899484E-002
2.915654E-002
2.940137E-002
2.968153E-002
2.981123E-002
2.997806E-002
2.967494E-002
2.871274E-002
2.786322E-002
2.733192E-002
2.790976E-002
2.838754E-002
2.911851E-002
2.973762E-002
3.031558E-002
3.087704E-002
3.095942E-002
3.110635E-002
3.166477E-002
3.197867E-002
3.235255E-002
3.270049E-002
3.276761E-002
3.278790E-002
3.305009E-002
3.340592E-002
3.366965E-002
3.397445E-002
3.404795E-002
3.386456E-002
3.418951E-002
3.475577E-002
3.498679E-002
3.533472E-002
3.527027E-002
3.540913E-002
3.555190E-002
3.565779E-002
3.561497E-002
3.556790E-002
3.547236E-002
3.544753E-002
3.502047E-002
3.497170E-002
3.497723E-002
3.502554E-002
3.481071E-002
3.458624E-002
3.431885E-002
3.422419E-002
3.362402E-002
3.335899E-002
3.296312E-002
3.230778E-002
3.202327E-002
3.168999E-002
3.150380E-002
3.151301E-002
3.134967E-002
3.071778E-002
2.995077E-002
2.949409E-002
2.936278E-002
2.910357E-002
2.867470E-002
2.833141E-002
2.859969E-002
2.860678E-002
2.829940E-002
2.781306E-002
2.722258E-002
2.722780E-002
2.718817E-002
2.705964E-002
2.712436E-002
2.738669E-002
2.741418E-002
2.744419E-002
2.718236E-002
2.666097E-002
2.632297E-002
2.600172E-002
2.602032E-002
2.610474E-002
2.610495E-002
2.590765E-002
2.597406E-002
2.619860E-002
2.600416E-002
2.566150E-002
2.502871E-002
2.483737E-002
2.441743E-002
2.442661E-002
2.452254E-002
2.460403E-002
2.441873E-002
2.457667E-002
2.445165E-002
2.460354E-002
2.486968E-002
2.522215E-002
2.516722E-002
2.514380E-002
2.567251E-002
2.635787E-002
2.698342E-002
2.761712E-002
2.789964E-002
2.849562E-002
2.874527E-002
2.887229E-002
2.931654E-002
2.969688E-002
3.022848E-002
3.075500E-002
3.157010E-002
3.191422E-002
3.218161E-002
3.233423E-002
3.248583E-002
3.266901E-002
3.288175E-002
3.314450E-002
3.373088E-002
3.422379E-002
3.491486E-002
3.549646E-002
3.575280E-002
3.600091E-002
3.629325E-002
3.679634E-002
3.733863E-002
3.754625E-002
3.838710E-002
3.892795E-002
3.964983E-002
4.007408E-002
4.017774E-002
4.049751E-002
4.070697E-002
4.082916E-002
4.108199E-002
4.134474E-002
4.181021E-002
4.213279E-002
4.253720E-002
4.288309E-002
4.308540E-002
4.291547E-002
4.303956E-002
4.314900E-002
4.308162E-002
4.321286E-002
4.345728E-002
4.352150E-002
4.382543E-002
4.382574E-002
4.361622E-002
4.338048E-002
4.329251E-002
4.337415E-002
4.322906E-002
4.316551E-002
4.277622E-002
4.269260E-002
4.235472E-002
4.208408E-002
4.154935E-002
4.136700E-002
4.068363E-002
4.068366E-002
4.047152E-002
4.011283E-002
3.998375E-002
3.965032E-002
3.954247E-002
3.931061E-002
3.894202E-002
3.903288E-002
3.855308E-002
3.831491E-002
3.813106E-002
3.778853E-002
3.735377E-002
3.706919E-002
3.683831E-002
3.624886E-002
3.578284E-002
3.563571E-002
3.503148E-002
3.433243E-002
3.381401E-002
3.320647E-002
3.257293E-002
3.200377E-002
3.128102E-002
3.091099E-002
3.013580E-002
2.963722E-002
2.947706E-002
2.870549E-002
2.794812E-002
2.739786E-002
2.694899E-002
2.644574E-002
2.569387E-002
2.504336E-002
2.382201E-002
2.307371E-002
2.243187E-002
2.159830E-002
2.068849E-002
1.988426E-002
1.867126E-002
1.774992E-002
1.657412E-002
1.559655E-002
1.454100E-002
1.318878E-002
1.212077E-002
1.084527E-002
9.743350E-003
8.546132E-003
7.041820E-003
5.661312E-003
3.882441E-003
2.442612E-003
4.731999E-004
-1.530516E-003
-3.381122E-003
-5.919986E-003
-8.230346E-003
-1.052772E-002
-1.264120E-002
-1.441469E-002
-1.629411E-002
-1.798800E-002
-1.980446E-002
-2.210358E-002
-2.453591E-002
-2.755897E-002
-3.082280E-002
-3.451873E-002
-3.844293E-002
-4.298100E-002
-4.756778E-002
-5.261831E-002
-5.555414E-002
-5.747807E-002
-5.997088E-002
-6.322458E-002
-6.756720E-002
-7.203948E-002
-7.721379E-002
-8.279380E-002
-8.903205E-002
-9.549469E-002
-1.025980E-001
-1.103156E-001
-1.180984E-001
-1.269957E-001
-1.360795E-001
-1.456403E-001
-1.563564E-001
-1.676214E-001
-1.791746E-001
-1.923142E-001
-2.058533E-001
-2.207579E-001
-2.367738E-001
-2.535298E-001
-2.713954E-001
-2.907764E-001
-3.113781E-001
-3.335808E-001
-3.564533E-001
-3.812192E-001
-4.078882E-001
-4.358646E-001
-4.653707E-001
-4.966759E-001
-5.295113E-001
-5.628771E-001
-5.968301E-001
-6.299102E-001
-6.616082E-001
-6.911587E-001
-7.170476E-001
-7.376502E-001
-7.527025E-001
-7.599847E-001
-7.584344E-001
-7.475122E-001
-7.281211E-001
-7.001319E-001
-6.643617E-001
-6.224842E-001
-5.756367E-001
-5.265494E-001
-4.768092E-001
-4.264718E-001
-3.780829E-001
-3.314579E-001
-2.864258E-001
-2.466378E-001
-2.086342E-001
-1.743441E-001
-1.424178E-001
-1.135033E-001
-8.808320E-002
-6.437074E-002
-4.329885E-002
-2.471651E-002
-7.752881E-003
7.293893E-003
2.249558E-002
3.571119E-002
4.755676E-002
5.800018E-002
6.773513E-002
7.658401E-002
8.417094E-002
9.071319E-002
9.700558E-002
1.027363E-001
1.080121E-001
1.134361E-001
1.174460E-001
1.213819E-001
1.247852E-001
1.274019E-001
1.303958E-001
1.334302E-001
1.359743E-001
1.380187E-001
1.406627E-001
1.428173E-001
1.446629E-001
1.471123E-001
1.490072E-001
1.514134E-001
1.531091E-001
1.547239E-001
1.556964E-001
1.568903E-001
1.577628E-001
1.585125E-001
1.598407E-001
1.607831E-001
1.617513E-001
1.630101E-001
1.643148E-001
1.651716E-001
1.666237E-001
1.677665E-001
1.684439E-001
