S12[re]
2.829916E-004
1.818250E-004
2.804830E-004
3.378498E-004
3.421859E-004
4.408688E-004
4.463673E-004
3.888006E-004
4.241251E-004
4.939346E-004
6.985485E-004
6.566638E-004
7.559765E-004
8.435579E-004
8.306804E-004
9.654988E-004
8.690616E-004
1.130497E-003
1.053562E-003
1.157076E-003
1.208270E-003
1.244920E-003
1.242790E-003
1.399619E-003
1.395103E-003
1.609958E-003
1.571360E-003
1.654727E-003
1.763957E-003
1.817798E-003
1.877452E-003
1.995337E-003
1.997926E-003
2.163167E-003
2.197358E-003
2.393600E-003
2.411463E-003
2.427276E-003
2.649815E-003
2.681177E-003
2.669530E-003
2.839082E-003
3.018986E-003
3.169594E-003
3.210135E-003
3.309809E-003
3.384034E-003
3.485976E-003
3.604008E-003
3.651715E-003
3.775398E-003
3.915341E-003
4.041684E-003
4.189738E-003
4.245521E-003
4.357513E-003
4.466353E-003
4.641459E-003
4.824486E-003
4.956873E-003
5.058159E-003
5.103533E-003
5.288428E-003
5.262567E-003
5.493330E-003
5.480168E-003
5.684121E-003
5.794563E-003
5.963095E-003
6.092548E-003
6.327545E-003
6.333359E-003
6.388957E-003
6.680771E-003
6.339853E-003
6.737342E-003
6.793295E-003
7.050777E-003
7.365978E-003
7.313258E-003
7.082876E-003
7.361904E-003
7.458271E-003
7.837613E-003
8.021967E-003
8.025827E-003
8.159583E-003
8.272560E-003
8.589140E-003
8.580869E-003
9.126131E-003
9.352538E-003
9.141725E-003
9.165577E-003
9.558515E-003
9.668574E-003
9.553316E-003
1.005137E-002
9.952364E-003
9.863024E-003
1.024550E-002
1.023240E-002
1.029736E-002
1.033909E-002
1.039541E-002
1.040215E-002
1.044489E-002
1.064211E-002
1.065987E-002
1.082350E-002
1.097719E-002
1.098214E-002
1.104232E-002
1.112019E-002
1.127320E-002
1.149932E-002
1.159613E-002
1.179012E-002
1.186483E-002
1.197241E-002
1.209168E-002
1.230708E-002
1.224035E-002
1.256060E-002
1.266667E-002
1.268360E-002
1.265364E-002
1.279617E-002
1.284686E-002
1.292579E-002
1.299935E-002
1.289916E-002
1.309161E-002
1.312869E-002
1.310291E-002
1.312221E-002
1.309715E-002
1.303882E-002
1.307356E-002
1.312147E-002
1.312211E-002
1.325932E-002
1.310322E-002
1.313436E-002
1.322459E-002
1.335484E-002
1.332148E-002
1.342507E-002
1.328787E-002
1.330230E-002
1.328843E-002
1.339302E-002
1.338509E-002
1.342791E-002
1.340117E-002
1.357985E-002
1.343901E-002
1.351704E-002
1.340698E-002
1.347744E-002
1.355635E-002
1.359255E-002
1.371089E-002
1.351624E-002
1.360178E-002
1.347771E-002
1.344808E-002
1.328699E-002
1.318325E-002
1.289505E-002
1.271773E-002
1.248415E-002
1.223016E-002
1.204310E-002
1.178705E-002
1.158950E-002
1.143217E-002
1.134087E-002
1.142537E-002
1.140424E-002
1.122381E-002
1.136320E-002
1.132223E-002
1.135791E-002
1.134680E-002
1.144982E-002
1.160677E-002
1.163438E-002
1.166543E-002
1.173279E-002
1.173776E-002
1.165412E-002
1.155540E-002
1.152665E-002
1.135917E-002
1.129191E-002
1.111988E-002
1.099913E-002
1.073310E-002
1.050174E-002
1.039184E-002
1.023000E-002
9.893899E-003
9.788098E-003
9.617804E-003
9.175390E-003
8.921987E-003
8.654973E-003
8.467221E-003
8.327066E-003
8.011064E-003
7.928405E-003
7.653397E-003
7.525741E-003
7.274027E-003
7.219792E-003
7.096270E-003
6.863765E-003
6.836023E-003
6.681189E-003
6.612843E-003
6.537466E-003
6.285693E-003
6.483001E-003
6.254100E-003
6.045144E-003
5.669090E-003
5.550321E-003
5.333867E-003
4.840847E-003
4.302430E-003
4.323140E-003
5.026954E-003
4.950066E-003
4.321419E-003
3.960519E-003
3.620364E-003
3.118980E-003
2.803950E-003
2.462703E-003
2.014274E-003
1.575532E-003
1.056493E-003
6.237889E-004
3.391324E-004
-1.860855E-004
-5.632004E-004
-9.574958E-004
-1.271307E-003
-1.724460E-003
-2.222057E-003
-2.705816E-003
-3.158798E-003
-3.547398E-003
-4.002408E-003
-4.146234E-003
-4.682539E-003
-4.920142E-003
-5.222213E-003
-5.439503E-003
-5.680035E-003
-5.772599E-003
-6.043382E-003
-6.287848E-003
-6.626345E-003
-7.071057E-003
-7.526692E-003
-8.023467E-003
-8.323429E-003
-8.823222E-003
-9.125259E-003
-9.465097E-003
-9.759473E-003
-9.985371E-003
-1.053651E-002
-1.097418E-002
-1.134913E-002
-1.174566E-002
-1.198376E-002
-1.220060E-002
-1.263194E-002
-1.283193E-002
-1.315404E-002
-1.341525E-002
-1.367460E-002
-1.393886E-002
-1.427555E-002
-1.463920E-002
-1.495534E-002
-1.541426E-002
-1.573118E-002
-1.619981E-002
-1.628507E-002
-1.638336E-002
-1.667468E-002
-1.683463E-002
-1.679315E-002
-1.676309E-002
-1.683989E-002
-1.667082E-002
-1.650959E-002
-1.638137E-002
-1.620759E-002
-1.619616E-002
-1.585940E-002
-1.570576E-002
-1.551661E-002
-1.496704E-002
-1.441094E-002
-1.403888E-002
-1.339101E-002
-1.261941E-002
-1.172026E-002
-1.107499E-002
-1.013898E-002
-9.088042E-003
-7.718628E-003
-6.124881E-003
-4.624031E-003
-2.838589E-003
-6.915721E-004
1.651818E-003
4.361340E-003
7.492792E-003
1.121952E-002
1.534648E-002
2.022663E-002
2.579501E-002
3.225936E-002
3.972510E-002
4.825410E-002
5.794446E-002
6.917190E-002
8.170771E-002
9.671824E-002
1.140586E-001
1.326749E-001
1.521347E-001
1.707782E-001
1.848531E-001
1.875779E-001
1.669736E-001
1.094026E-001
7.778731E-003
-1.265486E-001
-2.649979E-001
-3.818026E-001
-4.690688E-001
-5.309559E-001
-5.740531E-001
-6.051961E-001
-6.246310E-001
-6.287900E-001
-6.091936E-001
-5.547990E-001
-4.560432E-001
-3.169318E-001
-1.634642E-001
-3.174850E-002
5.911301E-002
1.114760E-001
1.345893E-001
1.414575E-001
1.379018E-001
1.292536E-001
1.188353E-001
1.078438E-001
9.710500E-002
8.732913E-002
7.806019E-002
6.971676E-002
6.202750E-002
5.470106E-002
4.842214E-002
4.265094E-002
3.747185E-002
3.269610E-002
2.850210E-002
2.451831E-002
2.078222E-002
1.758786E-002
1.436549E-002
1.154000E-002
8.816529E-003
6.518108E-003
4.260323E-003
2.101117E-003
4.109831E-004
-1.283145E-003
-2.958650E-003
-4.326674E-003
-5.671083E-003
-6.960108E-003
-8.274134E-003
-9.062005E-003
-1.015145E-002
-1.099347E-002
-1.176218E-002
-1.254155E-002
-1.319587E-002
-1.386408E-002
-1.454522E-002
-1.524874E-002
-1.560292E-002
-1.623496E-002
-1.633047E-002
-1.697384E-002
-1.739282E-002
-1.786688E-002
-1.827463E-002
-1.864372E-002
-1.868977E-002
-1.905507E-002
-1.929316E-002
-1.956805E-002
-1.994107E-002
-1.987145E-002
-2.009581E-002
-2.005954E-002
-2.011544E-002
-2.052152E-002
-2.046685E-002
-2.066788E-002
-2.055498E-002
-2.034475E-002
-2.038429E-002
-2.009495E-002
-1.989147E-002
-1.961884E-002
-1.948059E-002
-1.909662E-002
-1.871561E-002
-1.862294E-002
-1.807282E-002
-1.763714E-002
-1.717614E-002
-1.680690E-002
-1.648049E-002
-1.604326E-002
-1.538000E-002
-1.477812E-002
-1.459246E-002
-1.384318E-002
-1.365550E-002
-1.338342E-002
-1.276400E-002
-1.254658E-002
-1.204277E-002
-1.150521E-002
-1.066443E-002
-9.536332E-003
-8.771522E-003
-9.138314E-003
-9.888190E-003
-1.061143E-002
-1.083275E-002
-1.080596E-002
-1.071994E-002
-1.054342E-002
-1.006455E-002
-9.636209E-003
-9.170567E-003
-8.659619E-003
-8.425042E-003
-7.737447E-003
-6.853089E-003
-6.393323E-003
-6.242727E-003
-6.204297E-003
-5.414987E-003
-5.244878E-003
-4.464652E-003
-3.782493E-003
-3.482663E-003
-3.467544E-003
-2.977233E-003
-2.446805E-003
-2.042209E-003
-1.245165E-003
-7.186732E-004
2.748883E-005
7.907382E-004
1.547214E-003
2.244306E-003
2.874838E-003
3.464150E-003
3.938229E-003
4.318154E-003
4.781789E-003
5.600183E-003
6.349675E-003
6.949676E-003
7.399834E-003
8.182197E-003
8.799298E-003
9.220970E-003
9.797164E-003
1.037538E-002
1.044149E-002
1.047252E-002
1.065546E-002
1.084075E-002
1.160274E-002
1.216102E-002
1.218617E-002
1.200732E-002
1.202524E-002
1.225852E-002
1.231694E-002
1.206295E-002
1.218192E-002
1.249626E-002
1.294046E-002
1.305861E-002
1.289067E-002
1.254583E-002
1.248243E-002
1.253605E-002
1.230228E-002
1.268043E-002
1.273456E-002
1.297362E-002
1.365009E-002
1.393477E-002
1.382909E-002
1.378474E-002
1.383044E-002
1.370972E-002
1.364169E-002
1.381089E-002
1.384377E-002
1.391437E-002
1.430292E-002
1.458378E-002
1.445346E-002
1.432211E-002
1.439312E-002
1.388723E-002
1.374570E-002
1.387757E-002
1.386077E-002
1.351843E-002
1.313502E-002
1.313551E-002
1.247351E-002
1.239940E-002
1.226812E-002
1.176824E-002
1.129700E-002
1.095414E-002
1.131920E-002
1.145975E-002
1.184454E-002
1.193382E-002
1.246717E-002
1.249056E-002
1.259509E-002
1.286391E-002
1.284931E-002
1.297932E-002
1.338867E-002
1.408232E-002
1.459861E-002
1.498267E-002
1.533614E-002
1.554387E-002
1.574359E-002
1.604999E-002
1.614192E-002
1.650541E-002
1.691623E-002
1.769340E-002
1.825621E-002
1.875483E-002
1.885085E-002
1.918055E-002
1.971630E-002
2.020985E-002
2.067288E-002
2.127868E-002
2.210247E-002
2.318248E-002
2.413863E-002
2.481828E-002
2.557317E-002
2.634768E-002
2.709550E-002
2.776322E-002
2.865830E-002
2.944792E-002
3.053456E-002
3.139585E-002
3.247563E-002
3.346839E-002
3.422714E-002
3.510371E-002
3.612122E-002
3.695973E-002
3.790026E-002
3.884132E-002
3.999944E-002
4.118785E-002
4.236186E-002
4.337690E-002
4.421606E-002
4.500479E-002
4.606403E-002
4.716552E-002
4.822417E-002
4.915775E-002
5.009620E-002
5.116516E-002
5.219654E-002
5.318850E-002
5.411145E-002
5.469001E-002
5.583815E-002
5.661871E-002
5.776209E-002
5.863637E-002
5.942373E-002
6.046739E-002
6.145525E-002
6.236853E-002
6.340120E-002
6.449412E-002
6.563375E-002
6.681258E-002
6.799573E-002
6.892461E-002
7.024027E-002
7.136448E-002
7.246405E-002
7.356937E-002
7.460895E-002
7.585764E-002
7.686292E-002
7.812799E-002
7.933810E-002
8.042782E-002
8.176150E-002
8.308990E-002
8.438773E-002
8.580619E-002
8.694310E-002
8.843946E-002
8.982778E-002
9.090319E-002
9.208012E-002
9.346441E-002
9.484888E-002
9.637029E-002
9.762783E-002
9.877063E-002
1.003978E-001
1.015496E-001
1.030994E-001
1.050108E-001
1.066436E-001
1.084920E-001
1.100946E-001
1.118861E-001
1.138346E-001
1.156451E-001
1.171775E-001
1.192246E-001
1.214299E-001
1.232666E-001
1.255429E-001
1.277117E-001
1.299688E-001
1.322671E-001
1.342086E-001
1.365137E-001
1.387020E-001
1.408336E-001
1.422538E-001
1.438115E-001
1.452300E-001
1.469409E-001
1.491168E-001
1.512687E-001
1.543908E-001
1.572174E-001
1.605234E-001
1.638761E-001
1.674206E-001
1.709657E-001
1.743621E-001
1.772070E-001
1.797188E-001
1.811885E-001
1.819500E-001
1.844662E-001
1.882063E-001
1.925367E-001
1.965588E-001
2.009772E-001
2.054557E-001
2.098603E-001
2.146031E-001
2.191591E-001
2.236264E-001
2.283119E-001
2.328472E-001
2.372285E-001
2.413628E-001
2.452583E-001
2.496276E-001
2.534540E-001
2.576596E-001
2.614881E-001
2.650097E-001
2.684380E-001
2.719513E-001
2.752650E-001
2.779516E-001
2.806881E-001
2.822257E-001
2.827459E-001
2.817229E-001
2.791664E-001
2.744997E-001
2.681496E-001
2.591085E-001
2.472255E-001
2.318950E-001
2.129228E-001
1.894831E-001
1.614974E-001
1.273305E-001
8.737915E-002
4.260650E-002
-9.022414E-003
-6.557807E-002
-1.258324E-001
-1.889554E-001
-2.525754E-001
-3.154366E-001
-3.747149E-001
-4.290786E-001
-4.756053E-001
-5.146135E-001
-5.447189E-001
-5.672634E-001
-5.826010E-001
-5.913625E-001
-5.961219E-001
-5.946163E-001
-5.903496E-001
-5.836094E-001
-5.740227E-001
-5.628109E-001
-5.502597E-001
-5.361544E-001
-5.214960E-001
-5.062288E-001
-4.905934E-001
-4.751754E-001
-4.600835E-001
-4.457322E-001
-4.312367E-001
-4.180248E-001
-4.046111E-001
-3.924236E-001
-3.809980E-001
-3.697451E-001
-3.590990E-001
-3.490952E-001
-3.392691E-001
-3.292147E-001
-3.200818E-001
-3.104345E-001
-3.013644E-001
-2.927584E-001
-2.842831E-001
-2.762422E-001
-2.688481E-001
-2.615777E-001
-2.546133E-001
-2.472518E-001
-2.412643E-001
-2.345876E-001
-2.285778E-001
-2.225918E-001
-2.162903E-001
-2.105507E-001
-2.048802E-001
-1.991211E-001
-1.938610E-001
-1.887356E-001
-1.839416E-001
-1.791558E-001
-1.743726E-001
-1.700642E-001
-1.659319E-001
-1.618985E-001
-1.572310E-001
-1.530243E-001
-1.489730E-001
-1.449613E-001
