S12[im]
1.304871E-003
1.360041E-003
1.481615E-003
1.551075E-003
1.672915E-003
1.657035E-003
1.798918E-003
1.894238E-003
1.877659E-003
1.974019E-003
1.994088E-003
2.185197E-003
2.168568E-003
2.262716E-003
2.345524E-003
2.365443E-003
2.503317E-003
2.628410E-003
2.609675E-003
2.777408E-003
2.768967E-003
2.733412E-003
2.935228E-003
3.070405E-003
3.095614E-003
3.070694E-003
3.151910E-003
3.204009E-003
3.188601E-003
3.371935E-003
3.431771E-003
3.363803E-003
3.433061E-003
3.356110E-003
3.454088E-003
3.657550E-003
3.615452E-003
3.747482E-003
3.644463E-003
3.861435E-003
3.776275E-003
3.870366E-003
3.983319E-003
3.967837E-003
4.005369E-003
3.951686E-003
4.020107E-003
3.997861E-003
4.043875E-003
4.054965E-003
4.090934E-003
4.132377E-003
4.131123E-003
4.111728E-003
4.167117E-003
4.168550E-003
4.273552E-003
4.213419E-003
4.239047E-003
4.107418E-003
4.185011E-003
4.145614E-003
4.163834E-003
4.111164E-003
4.077776E-003
4.152444E-003
4.355939E-003
4.085562E-003
4.234042E-003
4.106138E-003
4.031499E-003
4.119906E-003
4.074703E-003
3.958803E-003
3.934741E-003
3.859944E-003
4.084832E-003
3.822305E-003
3.812640E-003
3.824238E-003
3.786562E-003
3.644312E-003
3.522752E-003
3.601594E-003
3.539538E-003
3.562718E-003
3.468950E-003
3.467472E-003
3.645822E-003
3.436303E-003
3.391514E-003
3.048509E-003
2.974074E-003
2.827046E-003
2.873076E-003
2.613655E-003
2.713617E-003
2.302561E-003
2.373164E-003
1.984187E-003
1.993831E-003
1.781455E-003
1.876910E-003
1.699142E-003
1.523606E-003
1.556565E-003
1.350747E-003
1.286492E-003
1.165629E-003
1.092663E-003
1.025152E-003
8.682411E-004
8.452014E-004
7.664029E-004
5.723544E-004
5.240837E-004
4.980132E-004
2.457891E-004
8.017067E-005
-1.233071E-004
-2.159774E-004
-3.172176E-004
-5.544676E-004
-7.381476E-004
-1.075261E-003
-1.292343E-003
-1.448517E-003
-1.665414E-003
-1.802198E-003
-2.055653E-003
-2.158380E-003
-2.483769E-003
-2.700894E-003
-2.925710E-003
-3.072887E-003
-3.179240E-003
-3.446758E-003
-3.612404E-003
-3.690892E-003
-3.918218E-003
-4.244986E-003
-4.334399E-003
-4.522610E-003
-4.638993E-003
-4.725690E-003
-4.894390E-003
-5.202428E-003
-5.241022E-003
-5.477516E-003
-5.535127E-003
-5.796123E-003
-5.977265E-003
-6.112493E-003
-6.591901E-003
-6.643584E-003
-6.823495E-003
-7.090780E-003
-7.343499E-003
-7.417470E-003
-7.609018E-003
-7.846987E-003
-8.085834E-003
-8.318654E-003
-8.736298E-003
-9.083961E-003
-9.368062E-003
-9.725686E-003
-9.980434E-003
-1.033471E-002
-1.062954E-002
-1.075849E-002
-1.101386E-002
-1.121599E-002
-1.133408E-002
-1.135577E-002
-1.133919E-002
-1.133941E-002
-1.143545E-002
-1.127363E-002
-1.140894E-002
-1.154093E-002
-1.149398E-002
-1.173314E-002
-1.178924E-002
-1.192620E-002
-1.211959E-002
-1.226593E-002
-1.244316E-002
-1.262658E-002
-1.306683E-002
-1.333857E-002
-1.369060E-002
-1.393739E-002
-1.429513E-002
-1.465714E-002
-1.490334E-002
-1.521165E-002
-1.547774E-002
-1.571673E-002
-1.603012E-002
-1.632595E-002
-1.669197E-002
-1.681370E-002
-1.707170E-002
-1.737693E-002
-1.758037E-002
-1.775360E-002
-1.783683E-002
-1.787433E-002
-1.800459E-002
-1.803727E-002
-1.827707E-002
-1.834369E-002
-1.845521E-002
-1.849836E-002
-1.864699E-002
-1.874479E-002
-1.878776E-002
-1.888334E-002
-1.898539E-002
-1.908005E-002
-1.933952E-002
-1.958727E-002
-1.966758E-002
-2.013129E-002
-2.035495E-002
-2.059300E-002
-2.095057E-002
-2.106361E-002
-2.121906E-002
-2.127438E-002
-2.068636E-002
-2.114576E-002
-2.203222E-002
-2.247158E-002
-2.279573E-002
-2.310214E-002
-2.329274E-002
-2.355535E-002
-2.372448E-002
-2.402619E-002
-2.433508E-002
-2.444336E-002
-2.434370E-002
-2.453001E-002
-2.460519E-002
-2.464299E-002
-2.472348E-002
-2.478658E-002
-2.499849E-002
-2.494596E-002
-2.496972E-002
-2.467044E-002
-2.473956E-002
-2.467992E-002
-2.464656E-002
-2.443878E-002
-2.430018E-002
-2.415923E-002
-2.419067E-002
-2.395895E-002
-2.403113E-002
-2.399351E-002
-2.405983E-002
-2.425967E-002
-2.440727E-002
-2.427592E-002
-2.421962E-002
-2.409517E-002
-2.401320E-002
-2.384368E-002
-2.365824E-002
-2.365608E-002
-2.363454E-002
-2.361396E-002
-2.346932E-002
-2.315684E-002
-2.294907E-002
-2.273463E-002
-2.269714E-002
-2.251448E-002
-2.234757E-002
-2.210974E-002
-2.181547E-002
-2.157847E-002
-2.152945E-002
-2.111869E-002
-2.108009E-002
-2.084837E-002
-2.040654E-002
-2.009138E-002
-1.955205E-002
-1.898775E-002
-1.870272E-002
-1.816434E-002
-1.747325E-002
-1.699858E-002
-1.657073E-002
-1.602938E-002
-1.535964E-002
-1.481789E-002
-1.446696E-002
-1.389838E-002
-1.347144E-002
-1.289043E-002
-1.252896E-002
-1.188492E-002
-1.119684E-002
-1.062505E-002
-1.009721E-002
-9.506284E-003
-8.906071E-003
-8.378685E-003
-7.907274E-003
-7.092206E-003
-6.333628E-003
-5.659502E-003
-5.150815E-003
-4.674558E-003
-3.923930E-003
-3.361633E-003
-2.606277E-003
-2.267314E-003
-1.785813E-003
-1.560227E-003
-1.375194E-003
-1.478397E-003
-1.988142E-003
-2.887467E-003
-4.710260E-003
-7.223939E-003
-1.088801E-002
-1.601279E-002
-2.331279E-002
-3.302542E-002
-4.726016E-002
-6.767090E-002
-9.596441E-002
-1.345784E-001
-1.876836E-001
-2.569797E-001
-3.421548E-001
-4.346402E-001
-5.108075E-001
-5.447478E-001
-5.256152E-001
-4.649439E-001
-3.825172E-001
-2.922535E-001
-2.005972E-001
-1.059578E-001
-5.396104E-003
1.041914E-001
2.253536E-001
3.507974E-001
4.633113E-001
5.367470E-001
5.491188E-001
5.056797E-001
4.321989E-001
3.530809E-001
2.826803E-001
2.237466E-001
1.770261E-001
1.404486E-001
1.122877E-001
9.053003E-002
7.300361E-002
5.941566E-002
4.881214E-002
3.984360E-002
3.281291E-002
2.732703E-002
2.254957E-002
1.881931E-002
1.577531E-002
1.322252E-002
1.114324E-002
9.567676E-003
8.190938E-003
7.081697E-003
6.241219E-003
5.435955E-003
5.032546E-003
4.533601E-003
4.505985E-003
4.457066E-003
4.458352E-003
4.568587E-003
4.626382E-003
4.730327E-003
4.835703E-003
5.322931E-003
5.705865E-003
6.106264E-003
6.308220E-003
6.913113E-003
7.197778E-003
7.467642E-003
8.050702E-003
8.257261E-003
8.691941E-003
9.065175E-003
9.666261E-003
1.006010E-002
1.054799E-002
1.093630E-002
1.132239E-002
1.188995E-002
1.235586E-002
1.284513E-002
1.332013E-002
1.385609E-002
1.445655E-002
1.495327E-002
1.552526E-002
1.622913E-002
1.639637E-002
1.725389E-002
1.785178E-002
1.819495E-002
1.890888E-002
1.967056E-002
2.037968E-002
2.093132E-002
2.168486E-002
2.221655E-002
2.279483E-002
2.339006E-002
2.391253E-002
2.443447E-002
2.501272E-002
2.561555E-002
2.608450E-002
2.663231E-002
2.702587E-002
2.731011E-002
2.785070E-002
2.832429E-002
2.861986E-002
2.877027E-002
2.893917E-002
2.910641E-002
2.932219E-002
2.941450E-002
2.981858E-002
2.997869E-002
3.018667E-002
3.049182E-002
3.074459E-002
3.053922E-002
2.951000E-002
2.841630E-002
2.820397E-002
2.853567E-002
2.905622E-002
2.968786E-002
3.044398E-002
3.116339E-002
3.160360E-002
3.193388E-002
3.225897E-002
3.272852E-002
3.299309E-002
3.354338E-002
3.368163E-002
3.356222E-002
3.374787E-002
3.399651E-002
3.412959E-002
3.449121E-002
3.474519E-002
3.462049E-002
3.441600E-002
3.457843E-002
3.525870E-002
3.559408E-002
3.583506E-002
3.604687E-002
3.623128E-002
3.655960E-002
3.636791E-002
3.646746E-002
3.619652E-002
3.601338E-002
3.603013E-002
3.552959E-002
3.569105E-002
3.560359E-002
3.547731E-002
3.553105E-002
3.507114E-002
3.487491E-002
3.469270E-002
3.437730E-002
3.388172E-002
3.338781E-002
3.281827E-002
3.226665E-002
3.198248E-002
3.180807E-002
3.186835E-002
3.146090E-002
3.076392E-002
3.010168E-002
2.981761E-002
2.949611E-002
2.926165E-002
2.882201E-002
2.849352E-002
2.878651E-002
2.874552E-002
2.843745E-002
2.782350E-002
2.726699E-002
2.710568E-002
2.712706E-002
2.732818E-002
2.721433E-002
2.749655E-002
2.757857E-002
2.756911E-002
2.756671E-002
2.678058E-002
2.636629E-002
2.611131E-002
2.596710E-002
2.585892E-002
2.589420E-002
2.572893E-002
2.580991E-002
2.591669E-002
2.595671E-002
2.569377E-002
2.511755E-002
2.492693E-002
2.443119E-002
2.448438E-002
2.457682E-002
2.468523E-002
2.441749E-002
2.410283E-002
2.420347E-002
2.423290E-002
2.427909E-002
2.474564E-002
2.495616E-002
2.495444E-002
2.538931E-002
2.624413E-002
2.694785E-002
2.763946E-002
2.803745E-002
2.845619E-002
2.872313E-002
2.892389E-002
2.938913E-002
2.958108E-002
2.995478E-002
3.063007E-002
3.117504E-002
3.162696E-002
3.183990E-002
3.206078E-002
3.211097E-002
3.240480E-002
3.274007E-002
3.281848E-002
3.336101E-002
3.377932E-002
3.439154E-002
3.478907E-002
3.515365E-002
3.518187E-002
3.532363E-002
3.599124E-002
3.674681E-002
3.703139E-002
3.766843E-002
3.827883E-002
3.905450E-002
3.929820E-002
3.958080E-002
3.958172E-002
3.989022E-002
4.009522E-002
4.041411E-002
4.068030E-002
4.099217E-002
4.129183E-002
4.153871E-002
4.158159E-002
4.179765E-002
4.192270E-002
4.182999E-002
4.178650E-002
4.197069E-002
4.187426E-002
4.196109E-002
4.197554E-002
4.227512E-002
4.214440E-002
4.190572E-002
4.150909E-002
4.143291E-002
4.132410E-002
4.122935E-002
4.102420E-002
4.064715E-002
4.035611E-002
4.009762E-002
3.986216E-002
3.938422E-002
3.911168E-002
3.865909E-002
3.843712E-002
3.800628E-002
3.793604E-002
3.741522E-002
3.702446E-002
3.685633E-002
3.677134E-002
3.644936E-002
3.632762E-002
3.594775E-002
3.571892E-002
3.541381E-002
3.485560E-002
3.448933E-002
3.421802E-002
3.371356E-002
3.315451E-002
3.260823E-002
3.222779E-002
3.173076E-002
3.132129E-002
3.083325E-002
3.016731E-002
2.978017E-002
2.917092E-002
2.890755E-002
2.823683E-002
2.723687E-002
2.675729E-002
2.607106E-002
2.535581E-002
2.423451E-002
2.340198E-002
2.280395E-002
2.228276E-002
2.139868E-002
2.061615E-002
1.977207E-002
1.890580E-002
1.811315E-002
1.749454E-002
1.684330E-002
1.632479E-002
1.513941E-002
1.424362E-002
1.335123E-002
1.226901E-002
1.105949E-002
9.885282E-003
8.726122E-003
7.749075E-003
6.559613E-003
5.284397E-003
3.890339E-003
2.423686E-003
6.122485E-004
-1.351644E-003
-3.017609E-003
-5.039914E-003
-7.339805E-003
-1.010528E-002
-1.247873E-002
-1.487563E-002
-1.657803E-002
-1.832674E-002
-2.015932E-002
-2.152371E-002
-2.343207E-002
-2.531674E-002
-2.786591E-002
-3.045757E-002
-3.355785E-002
-3.725036E-002
-4.101367E-002
-4.556981E-002
-5.034025E-002
-5.493677E-002
-5.797137E-002
-5.973088E-002
-6.210219E-002
-6.566696E-002
-6.999733E-002
-7.448666E-002
-7.926901E-002
-8.460774E-002
-9.058101E-002
-9.680718E-002
-1.034767E-001
-1.108128E-001
-1.189302E-001
-1.272611E-001
-1.359898E-001
-1.455684E-001
-1.554758E-001
-1.658480E-001
-1.772918E-001
-1.890464E-001
-2.016427E-001
-2.153396E-001
-2.296650E-001
-2.456339E-001
-2.622652E-001
-2.808355E-001
-3.009438E-001
-3.225443E-001
-3.464521E-001
-3.711158E-001
-3.972172E-001
-4.252858E-001
-4.543814E-001
-4.846940E-001
-5.158041E-001
-5.487077E-001
-5.812676E-001
-6.142359E-001
-6.465793E-001
-6.758316E-001
-7.024555E-001
-7.243574E-001
-7.403836E-001
-7.494709E-001
-7.498250E-001
-7.396716E-001
-7.205623E-001
-6.918885E-001
-6.553428E-001
-6.120405E-001
-5.646456E-001
-5.139661E-001
-4.624873E-001
-4.118147E-001
-3.629666E-001
-3.167227E-001
-2.732978E-001
-2.326861E-001
-1.955443E-001
-1.607248E-001
-1.287755E-001
-9.898262E-002
-7.238314E-002
-4.885222E-002
-2.768332E-002
-8.638876E-003
7.006474E-003
2.216656E-002
3.491346E-002
4.651640E-002
5.662493E-002
6.551424E-002
7.363353E-002
8.117069E-002
8.793585E-002
9.361382E-002
9.998405E-002
1.048932E-001
1.106596E-001
1.156091E-001
1.191950E-001
1.228537E-001
1.259093E-001
1.288320E-001
1.312282E-001
1.339004E-001
1.362636E-001
1.384087E-001
1.406512E-001
1.427906E-001
1.444951E-001
1.467169E-001
1.475718E-001
1.494328E-001
1.508162E-001
1.521245E-001
1.533708E-001
1.540870E-001
1.548245E-001
1.557528E-001
1.566124E-001
1.572396E-001
1.581145E-001
1.586133E-001
1.593333E-001
1.602340E-001
1.609684E-001
1.611592E-001
1.616978E-001
