S22[re]
9.875644E-001
9.852266E-001
9.830654E-001
9.815676E-001
9.783221E-001
9.756287E-001
9.721552E-001
9.705450E-001
9.671552E-001
9.637755E-001
9.608902E-001
9.581746E-001
9.553458E-001
9.519119E-001
9.489760E-001
9.442319E-001
9.399005E-001
9.373869E-001
9.324786E-001
9.293924E-001
9.253086E-001
9.208386E-001
9.173667E-001
9.122736E-001
9.081571E-001
9.025587E-001
8.991061E-001
8.927110E-001
8.887166E-001
8.836696E-001
8.784971E-001
8.732763E-001
8.679447E-001
8.618100E-001
8.568534E-001
8.501784E-001
8.452857E-001
8.389456E-001
8.332540E-001
8.279794E-001
8.200607E-001
8.149320E-001
8.082675E-001
8.002630E-001
7.927666E-001
7.855099E-001
7.775032E-001
7.702517E-001
7.613620E-001
7.536399E-001
7.454225E-001
7.381637E-001
7.291810E-001
7.214592E-001
7.137213E-001
7.057180E-001
6.981835E-001
6.906506E-001
6.838311E-001
6.761404E-001
6.676123E-001
6.593090E-001
6.512153E-001
6.432946E-001
6.353952E-001
6.260482E-001
6.180281E-001
6.079461E-001
5.998338E-001
5.894164E-001
5.808024E-001
5.703072E-001
5.600618E-001
5.504000E-001
5.401157E-001
5.306098E-001
5.191481E-001
5.099620E-001
4.996629E-001
4.891141E-001
4.796081E-001
4.688009E-001
4.586788E-001
4.478631E-001
4.385040E-001
4.279436E-001
4.173176E-001
4.071229E-001
3.967426E-001
3.860411E-001
3.746792E-001
3.651878E-001
3.531016E-001
3.427729E-001
3.318248E-001
3.201188E-001
3.078113E-001
2.978753E-001
2.860513E-001
2.726235E-001
2.636397E-001
2.512868E-001
2.396723E-001
2.277201E-001
2.165196E-001
2.055769E-001
1.947267E-001
1.812110E-001
1.715349E-001
1.592279E-001
1.497758E-001
1.392676E-001
1.271696E-001
1.158272E-001
1.034088E-001
9.079428E-002
7.838324E-002
6.572331E-002
5.321416E-002
3.965930E-002
2.809459E-002
1.433249E-002
1.403871E-003
-1.214497E-002
-2.711343E-002
-3.900555E-002
-5.227666E-002
-6.421878E-002
-7.567413E-002
-8.672875E-002
-9.810257E-002
-1.104430E-001
-1.216875E-001
-1.312799E-001
-1.425984E-001
-1.524257E-001
-1.635240E-001
-1.749820E-001
-1.858595E-001
-1.974340E-001
-2.092689E-001
-2.217236E-001
-2.327515E-001
-2.443502E-001
-2.569336E-001
-2.693679E-001
-2.821837E-001
-2.940717E-001
-3.057841E-001
-3.190190E-001
-3.303968E-001
-3.423915E-001
-3.544626E-001
-3.667266E-001
-3.786052E-001
-3.904217E-001
-4.023824E-001
-4.125719E-001
-4.240667E-001
-4.340366E-001
-4.442165E-001
-4.558520E-001
-4.659051E-001
-4.764463E-001
-4.878300E-001
-4.987012E-001
-5.099317E-001
-5.207980E-001
-5.310231E-001
-5.408092E-001
-5.506613E-001
-5.624567E-001
-5.728588E-001
-5.830886E-001
-5.939077E-001
-6.037822E-001
-6.141799E-001
-6.226955E-001
-6.333823E-001
-6.415431E-001
-6.503304E-001
-6.597844E-001
-6.689627E-001
-6.773336E-001
-6.866651E-001
-6.953699E-001
-7.035553E-001
-7.129841E-001
-7.219444E-001
-7.314717E-001
-7.408222E-001
-7.499905E-001
-7.591467E-001
-7.677730E-001
-7.769709E-001
-7.845866E-001
-7.939700E-001
-8.018712E-001
-8.087711E-001
-8.170733E-001
-8.251480E-001
-8.324492E-001
-8.385165E-001
-8.452717E-001
-8.517988E-001
-8.579591E-001
-8.627377E-001
-8.680924E-001
-8.731315E-001
-8.775647E-001
-8.824494E-001
-8.858284E-001
-8.908728E-001
-8.943940E-001
-8.995182E-001
-9.035611E-001
-9.097667E-001
-9.125876E-001
-9.177947E-001
-9.235916E-001
-9.280732E-001
-9.317859E-001
-9.367938E-001
-9.406708E-001
-9.448335E-001
-9.489521E-001
-9.517022E-001
-9.566103E-001
-9.586639E-001
-9.615193E-001
-9.622912E-001
-9.620786E-001
-9.668792E-001
-9.727187E-001
-9.746205E-001
-9.770263E-001
-9.773801E-001
-9.774927E-001
-9.778717E-001
-9.788022E-001
-9.779984E-001
-9.774204E-001
-9.761618E-001
-9.745703E-001
-9.745262E-001
-9.716474E-001
-9.700058E-001
-9.713150E-001
-9.696407E-001
-9.697198E-001
-9.681580E-001
-9.673454E-001
-9.653479E-001
-9.625415E-001
-9.621342E-001
-9.611534E-001
-9.583766E-001
-9.549296E-001
-9.532114E-001
-9.488241E-001
-9.456878E-001
-9.443380E-001
-9.397024E-001
-9.356281E-001
-9.305590E-001
-9.275284E-001
-9.221935E-001
-9.174932E-001
-9.125794E-001
-9.063958E-001
-9.022067E-001
-8.942280E-001
-8.886784E-001
-8.823813E-001
-8.754239E-001
-8.682542E-001
-8.621296E-001
-8.539377E-001
-8.458658E-001
-8.396837E-001
-8.318714E-001
-8.241172E-001
-8.152740E-001
-8.071989E-001
-7.985442E-001
-7.903748E-001
-7.803519E-001
-7.719641E-001
-7.628286E-001
-7.525882E-001
-7.427226E-001
-7.332498E-001
-7.234940E-001
-7.133055E-001
-7.029574E-001
-6.911911E-001
-6.799260E-001
-6.682639E-001
-6.565741E-001
-6.446514E-001
-6.320476E-001
-6.194603E-001
-6.065441E-001
-5.928203E-001
-5.786868E-001
-5.657719E-001
-5.501540E-001
-5.334901E-001
-5.160818E-001
-4.997923E-001
-4.828065E-001
-4.642775E-001
-4.447574E-001
-4.256248E-001
-4.072109E-001
-3.882225E-001
-3.669219E-001
-3.469593E-001
-3.254778E-001
-3.026538E-001
-2.806873E-001
-2.577069E-001
-2.336611E-001
-2.078692E-001
-1.819132E-001
-1.526169E-001
-1.240278E-001
-9.084790E-002
-5.543641E-002
-1.816620E-002
2.206280E-002
6.647305E-002
1.162426E-001
1.697811E-001
2.281203E-001
2.942693E-001
3.628849E-001
4.332820E-001
5.016268E-001
5.607061E-001
5.928981E-001
5.743372E-001
4.783684E-001
2.945145E-001
5.451910E-002
-1.786029E-001
-3.538351E-001
-4.569535E-001
-5.004351E-001
-5.022973E-001
-4.794809E-001
-4.461271E-001
-4.106323E-001
-3.834789E-001
-3.751179E-001
-3.935423E-001
-4.379350E-001
-4.917998E-001
-5.355181E-001
-5.564483E-001
-5.529637E-001
-5.378063E-001
-5.125583E-001
-4.831288E-001
-4.520862E-001
-4.189034E-001
-3.889608E-001
-3.588121E-001
-3.288480E-001
-3.009738E-001
-2.736472E-001
-2.468154E-001
-2.230927E-001
-1.975544E-001
-1.742051E-001
-1.490924E-001
-1.275125E-001
-1.046597E-001
-8.407570E-002
-6.243325E-002
-4.119672E-002
-2.097980E-002
-1.153944E-003
1.730955E-002
3.686502E-002
5.287876E-002
7.224865E-002
8.919257E-002
1.051017E-001
1.204822E-001
1.370580E-001
1.539231E-001
1.647444E-001
1.808481E-001
1.968269E-001
2.130615E-001
2.267411E-001
2.430470E-001
2.575646E-001
2.717653E-001
2.857792E-001
2.994203E-001
3.138916E-001
3.272196E-001
3.418082E-001
3.539138E-001
3.683125E-001
3.819875E-001
3.949350E-001
4.079816E-001
4.221597E-001
4.331389E-001
4.475310E-001
4.597114E-001
4.724531E-001
4.835688E-001
4.949786E-001
5.061476E-001
5.175782E-001
5.291071E-001
5.401525E-001
5.515299E-001
5.618449E-001
5.730251E-001
5.831414E-001
5.933232E-001
6.059030E-001
6.153913E-001
6.261244E-001
6.352522E-001
6.450070E-001
6.530410E-001
6.622003E-001
6.719678E-001
6.802821E-001
6.893213E-001
6.979117E-001
7.063743E-001
7.127367E-001
7.212334E-001
7.286155E-001
7.353575E-001
7.426242E-001
7.499103E-001
7.564737E-001
7.635913E-001
7.699036E-001
7.768607E-001
7.832408E-001
7.911580E-001
7.966123E-001
8.050337E-001
8.098636E-001
8.175242E-001
8.237182E-001
8.284842E-001
8.346962E-001
8.395279E-001
8.446829E-001
8.494572E-001
8.533026E-001
8.592119E-001
8.637401E-001
8.687616E-001
8.731501E-001
8.781028E-001
8.825806E-001
8.870525E-001
8.909377E-001
8.944855E-001
8.976049E-001
8.997115E-001
9.041826E-001
9.055193E-001
9.097526E-001
9.114807E-001
9.131157E-001
9.148447E-001
9.162875E-001
9.181343E-001
9.222338E-001
9.239244E-001
9.246317E-001
9.252387E-001
9.266182E-001
9.281755E-001
9.274737E-001
9.294052E-001
9.298369E-001
9.312323E-001
9.336112E-001
9.349343E-001
9.351256E-001
9.361758E-001
9.382178E-001
9.389455E-001
9.398360E-001
9.397427E-001
9.400072E-001
9.393631E-001
9.416823E-001
9.397940E-001
9.392077E-001
9.379883E-001
9.386982E-001
9.370653E-001
9.380736E-001
9.357907E-001
9.346190E-001
9.325572E-001
9.308280E-001
9.292727E-001
9.266417E-001
9.241931E-001
9.230853E-001
9.215333E-001
9.188359E-001
9.167115E-001
9.142311E-001
9.136278E-001
9.111251E-001
9.083623E-001
9.067448E-001
9.045945E-001
9.024729E-001
9.012517E-001
8.985300E-001
8.963219E-001
8.938934E-001
8.921404E-001
8.883638E-001
8.862569E-001
8.829948E-001
8.803167E-001
8.776419E-001
8.737430E-001
8.699963E-001
8.668255E-001
8.636801E-001
8.593723E-001
8.547248E-001
8.504837E-001
8.478274E-001
8.443827E-001
8.405670E-001
8.373466E-001
8.336204E-001
8.283885E-001
8.239049E-001
8.199972E-001
8.156554E-001
8.122632E-001
8.074366E-001
8.034204E-001
7.987555E-001
7.943087E-001
7.898636E-001
7.852910E-001
7.803105E-001
7.756074E-001
7.703549E-001
7.670059E-001
7.626740E-001
7.569969E-001
7.528585E-001
7.475548E-001
7.422765E-001
7.375581E-001
7.323484E-001
7.260908E-001
7.213426E-001
7.174160E-001
7.112486E-001
7.056540E-001
7.009679E-001
6.965863E-001
6.915010E-001
6.862423E-001
6.800998E-001
6.749753E-001
6.688098E-001
6.643621E-001
6.596972E-001
6.532928E-001
6.462970E-001
6.398519E-001
6.346582E-001
6.283474E-001
6.213295E-001
6.148856E-001
6.079816E-001
6.005690E-001
5.940557E-001
5.882337E-001
5.813947E-001
5.752449E-001
5.685148E-001
5.612760E-001
5.544581E-001
5.479978E-001
5.422590E-001
5.347803E-001
5.286729E-001
5.224034E-001
5.158641E-001
5.081303E-001
5.012909E-001
4.944926E-001
4.873929E-001
4.803307E-001
4.716592E-001
4.656200E-001
4.580050E-001
4.502855E-001
4.430406E-001
4.363640E-001
4.287052E-001
4.200380E-001
4.117498E-001
4.039254E-001
3.957627E-001
3.880796E-001
3.805957E-001
3.721256E-001
3.645051E-001
3.565237E-001
3.488124E-001
3.407700E-001
3.333125E-001
3.246261E-001
3.166763E-001
3.081492E-001
3.003500E-001
2.913987E-001
2.834969E-001
2.764266E-001
2.683491E-001
2.592863E-001
2.513756E-001
2.429918E-001
2.343974E-001
2.263515E-001
2.190514E-001
2.096145E-001
2.015024E-001
1.924056E-001
1.845115E-001
1.762577E-001
1.667696E-001
1.577595E-001
1.490448E-001
1.396067E-001
1.308199E-001
1.213867E-001
1.122240E-001
1.036329E-001
9.386346E-002
8.574753E-002
7.637131E-002
6.725841E-002
5.814656E-002
4.834983E-002
3.897856E-002
3.083695E-002
2.063332E-002
1.238739E-002
3.587036E-003
-5.818654E-003
-1.437442E-002
-2.277322E-002
-3.092527E-002
-4.054710E-002
-4.785044E-002
-5.730256E-002
-6.612247E-002
-7.554226E-002
-8.320382E-002
-9.299260E-002
-1.021052E-001
-1.124305E-001
-1.235861E-001
-1.345274E-001
-1.466815E-001
-1.575988E-001
-1.693760E-001
-1.805318E-001
-1.922431E-001
-2.032147E-001
-2.140820E-001
-2.254173E-001
-2.355058E-001
-2.443461E-001
-2.544898E-001
-2.656076E-001
-2.762398E-001
-2.870080E-001
-2.992853E-001
-3.104393E-001
-3.217337E-001
-3.328855E-001
-3.449974E-001
-3.555810E-001
-3.668093E-001
-3.781507E-001
-3.891527E-001
-4.009035E-001
-4.116965E-001
-4.230914E-001
-4.340385E-001
-4.447529E-001
-4.556092E-001
-4.671714E-001
-4.785134E-001
-4.890986E-001
-4.995720E-001
-5.102622E-001
-5.200821E-001
-5.293677E-001
-5.379478E-001
-5.463071E-001
-5.528998E-001
-5.594594E-001
-5.640317E-001
-5.665038E-001
-5.674797E-001
-5.663399E-001
-5.617030E-001
-5.539402E-001
-5.430394E-001
-5.273463E-001
-5.068778E-001
-4.816787E-001
-4.504732E-001
-4.142444E-001
-3.739497E-001
-3.302489E-001
-2.838522E-001
-2.369682E-001
-1.913540E-001
-1.480871E-001
-1.089199E-001
-7.533094E-002
-4.754911E-002
-2.638753E-002
-1.143684E-002
-2.633803E-003
8.891603E-004
-5.008074E-004
-6.793900E-003
-1.658072E-002
-2.857818E-002
-4.362957E-002
-5.978082E-002
-7.786809E-002
-9.652039E-002
-1.155506E-001
-1.355284E-001
-1.544110E-001
-1.732545E-001
-1.921070E-001
-2.099409E-001
-2.286256E-001
-2.463529E-001
-2.642141E-001
-2.807752E-001
-2.967563E-001
-3.137811E-001
-3.292659E-001
-3.458122E-001
-3.606879E-001
-3.750765E-001
-3.901626E-001
-4.038386E-001
-4.174735E-001
-4.305210E-001
-4.437355E-001
-4.556555E-001
-4.678515E-001
-4.799937E-001
-4.922340E-001
-5.034993E-001
-5.152688E-001
-5.268175E-001
-5.379474E-001
-5.476266E-001
-5.579949E-001
-5.675143E-001
-5.775708E-001
-5.877694E-001
-5.976430E-001
-6.062784E-001
-6.158671E-001
-6.244807E-001
-6.342030E-001
-6.429344E-001
-6.512956E-001
-6.599566E-001
-6.684032E-001
-6.772363E-001
-6.852999E-001
-6.934634E-001
