S22[im]
-1.771590E-001
-1.868638E-001
-1.979659E-001
-2.082806E-001
-2.197132E-001
-2.302691E-001
-2.409407E-001
-2.510695E-001
-2.610361E-001
-2.706067E-001
-2.828297E-001
-2.929868E-001
-3.047451E-001
-3.147003E-001
-3.257214E-001
-3.373075E-001
-3.471406E-001
-3.559426E-001
-3.667029E-001
-3.772411E-001
-3.875740E-001
-3.981939E-001
-4.081902E-001
-4.192011E-001
-4.284046E-001
-4.391487E-001
-4.477137E-001
-4.586293E-001
-4.680210E-001
-4.777482E-001
-4.877553E-001
-4.975544E-001
-5.077263E-001
-5.158332E-001
-5.265063E-001
-5.352935E-001
-5.434204E-001
-5.533361E-001
-5.627373E-001
-5.724607E-001
-5.821020E-001
-5.913463E-001
-6.008834E-001
-6.093974E-001
-6.182387E-001
-6.275330E-001
-6.355769E-001
-6.439998E-001
-6.532848E-001
-6.608735E-001
-6.695036E-001
-6.790087E-001
-6.870601E-001
-6.952400E-001
-7.033386E-001
-7.110255E-001
-7.188467E-001
-7.272030E-001
-7.356019E-001
-7.430010E-001
-7.502769E-001
-7.580927E-001
-7.653983E-001
-7.727135E-001
-7.789744E-001
-7.871199E-001
-7.945035E-001
-8.014107E-001
-8.075873E-001
-8.147369E-001
-8.221703E-001
-8.281220E-001
-8.336058E-001
-8.392934E-001
-8.456672E-001
-8.502811E-001
-8.574383E-001
-8.630465E-001
-8.678939E-001
-8.745964E-001
-8.784803E-001
-8.845094E-001
-8.897374E-001
-8.955579E-001
-9.010527E-001
-9.049882E-001
-9.115288E-001
-9.166795E-001
-9.213074E-001
-9.272586E-001
-9.296627E-001
-9.360183E-001
-9.396803E-001
-9.437834E-001
-9.474685E-001
-9.534681E-001
-9.563959E-001
-9.597563E-001
-9.647011E-001
-9.670614E-001
-9.691678E-001
-9.716194E-001
-9.735630E-001
-9.756737E-001
-9.781599E-001
-9.809318E-001
-9.831890E-001
-9.859380E-001
-9.873509E-001
-9.880658E-001
-9.904068E-001
-9.912142E-001
-9.940505E-001
-9.952706E-001
-9.958393E-001
-9.965016E-001
-9.979751E-001
-9.986863E-001
-9.999215E-001
-9.993789E-001
-9.992061E-001
-1.000400E+000
-9.996117E-001
-9.988853E-001
-9.998930E-001
-1.000080E+000
-9.989591E-001
-9.984981E-001
-9.969739E-001
-9.967553E-001
-9.945933E-001
-9.940406E-001
-9.936345E-001
-9.925909E-001
-9.917184E-001
-9.887812E-001
-9.873101E-001
-9.849575E-001
-9.830313E-001
-9.794223E-001
-9.765736E-001
-9.725872E-001
-9.695477E-001
-9.666689E-001
-9.636930E-001
-9.584758E-001
-9.537942E-001
-9.500265E-001
-9.461526E-001
-9.414901E-001
-9.380763E-001
-9.334446E-001
-9.291675E-001
-9.240416E-001
-9.188032E-001
-9.148496E-001
-9.089367E-001
-9.042974E-001
-8.991142E-001
-8.953695E-001
-8.902305E-001
-8.851002E-001
-8.804136E-001
-8.747478E-001
-8.685732E-001
-8.619673E-001
-8.551284E-001
-8.493272E-001
-8.421876E-001
-8.349790E-001
-8.274987E-001
-8.185348E-001
-8.107095E-001
-8.036612E-001
-7.949959E-001
-7.872765E-001
-7.787986E-001
-7.711315E-001
-7.616051E-001
-7.530823E-001
-7.453057E-001
-7.366313E-001
-7.285954E-001
-7.202899E-001
-7.117510E-001
-7.024149E-001
-6.933057E-001
-6.842258E-001
-6.747612E-001
-6.647485E-001
-6.546324E-001
-6.446785E-001
-6.336452E-001
-6.225005E-001
-6.111479E-001
-5.996379E-001
-5.887111E-001
-5.777591E-001
-5.664098E-001
-5.561522E-001
-5.459678E-001
-5.348971E-001
-5.247948E-001
-5.134377E-001
-5.024695E-001
-4.927972E-001
-4.810796E-001
-4.703982E-001
-4.595031E-001
-4.483442E-001
-4.368553E-001
-4.247936E-001
-4.120182E-001
-4.010188E-001
-3.893053E-001
-3.762715E-001
-3.628812E-001
-3.505230E-001
-3.372759E-001
-3.223986E-001
-3.089958E-001
-2.940576E-001
-2.801291E-001
-2.664696E-001
-2.542658E-001
-2.404691E-001
-2.277139E-001
-2.139548E-001
-2.016097E-001
-1.852916E-001
-1.717529E-001
-1.623979E-001
-1.544639E-001
-1.411103E-001
-1.269959E-001
-1.134694E-001
-9.992618E-002
-8.596746E-002
-7.238392E-002
-5.823923E-002
-4.380365E-002
-2.984943E-002
-1.561545E-002
-1.270249E-003
1.342028E-002
2.674710E-002
4.231018E-002
5.441896E-002
6.845297E-002
8.110350E-002
9.608007E-002
1.093053E-001
1.228089E-001
1.380428E-001
1.500183E-001
1.632539E-001
1.772086E-001
1.908704E-001
2.045691E-001
2.179642E-001
2.319213E-001
2.451353E-001
2.586930E-001
2.729762E-001
2.865324E-001
2.998405E-001
3.151211E-001
3.297932E-001
3.440398E-001
3.582363E-001
3.725004E-001
3.861974E-001
4.002396E-001
4.130935E-001
4.259973E-001
4.381668E-001
4.513783E-001
4.639041E-001
4.782751E-001
4.880703E-001
4.999418E-001
5.124395E-001
5.227115E-001
5.344462E-001
5.467660E-001
5.585264E-001
5.709265E-001
5.833225E-001
5.962669E-001
6.089015E-001
6.213555E-001
6.336145E-001
6.460474E-001
6.585456E-001
6.707573E-001
6.830691E-001
6.960809E-001
7.073422E-001
7.187811E-001
7.301069E-001
7.413060E-001
7.499713E-001
7.618330E-001
7.710263E-001
7.804186E-001
7.899686E-001
8.002854E-001
8.090309E-001
8.169751E-001
8.255463E-001
8.345296E-001
8.430045E-001
8.501965E-001
8.592478E-001
8.657769E-001
8.755348E-001
8.817350E-001
8.907108E-001
8.977352E-001
9.043466E-001
9.112241E-001
9.185204E-001
9.248597E-001
9.300722E-001
9.347374E-001
9.380932E-001
9.421608E-001
9.431677E-001
9.415251E-001
9.388354E-001
9.361842E-001
9.287243E-001
9.157319E-001
8.996702E-001
8.741504E-001
8.390361E-001
7.903672E-001
7.217416E-001
6.303290E-001
5.057930E-001
3.459589E-001
1.523803E-001
-4.961218E-002
-2.116391E-001
-2.820320E-001
-2.467399E-001
-1.365942E-001
1.735724E-003
1.344957E-001
2.454127E-001
3.288231E-001
3.844393E-001
4.137213E-001
4.196172E-001
4.079202E-001
3.917605E-001
3.907398E-001
4.165460E-001
4.710424E-001
5.399499E-001
6.077353E-001
6.674454E-001
7.213908E-001
7.641112E-001
7.986258E-001
8.286917E-001
8.533508E-001
8.737989E-001
8.907136E-001
9.049782E-001
9.172455E-001
9.267713E-001
9.351009E-001
9.419653E-001
9.478399E-001
9.519697E-001
9.556816E-001
9.600891E-001
9.619462E-001
9.646918E-001
9.655045E-001
9.676367E-001
9.653035E-001
9.664243E-001
9.674546E-001
9.674712E-001
9.669339E-001
9.661790E-001
9.628171E-001
9.626749E-001
9.584274E-001
9.570802E-001
9.457262E-001
9.442481E-001
9.414568E-001
9.367971E-001
9.343020E-001
9.322318E-001
9.271170E-001
9.252761E-001
9.206210E-001
9.172788E-001
9.136730E-001
9.087336E-001
9.043259E-001
8.985729E-001
8.948068E-001
8.891131E-001
8.838006E-001
8.782702E-001
8.716788E-001
8.650277E-001
8.588282E-001
8.509431E-001
8.439947E-001
8.360642E-001
8.274821E-001
8.213674E-001
8.122532E-001
8.033630E-001
7.960391E-001
7.874067E-001
7.794816E-001
7.711477E-001
7.635615E-001
7.559293E-001
7.456952E-001
7.383803E-001
7.281343E-001
7.214723E-001
7.125887E-001
7.050324E-001
6.961123E-001
6.877398E-001
6.799877E-001
6.708519E-001
6.629334E-001
6.545048E-001
6.460001E-001
6.368005E-001
6.270334E-001
6.178415E-001
6.090338E-001
6.014620E-001
5.929137E-001
5.835703E-001
5.740434E-001
5.640195E-001
5.543546E-001
5.442675E-001
5.335199E-001
5.230588E-001
5.115593E-001
5.015656E-001
4.896998E-001
4.776042E-001
4.675989E-001
4.568398E-001
4.453749E-001
4.359216E-001
4.264008E-001
4.152372E-001
4.047909E-001
3.941888E-001
3.844195E-001
3.738971E-001
3.633174E-001
3.534435E-001
3.429332E-001
3.312297E-001
3.212699E-001
3.108048E-001
3.010556E-001
2.908249E-001
2.812478E-001
2.706941E-001
2.596864E-001
2.503997E-001
2.392174E-001
2.297281E-001
2.195322E-001
2.082268E-001
1.982212E-001
1.866822E-001
1.771880E-001
1.654072E-001
1.573860E-001
1.460095E-001
1.364112E-001
1.259700E-001
1.165348E-001
1.051054E-001
9.420344E-002
8.478773E-002
7.356195E-002
6.341740E-002
5.240062E-002
4.110091E-002
3.140886E-002
2.193898E-002
1.137687E-002
1.354944E-003
-8.695928E-003
-1.841854E-002
-2.864175E-002
-3.918416E-002
-4.931852E-002
-5.769010E-002
-6.808600E-002
-7.717829E-002
-8.769409E-002
-9.732255E-002
-1.063025E-001
-1.143856E-001
-1.231454E-001
-1.318565E-001
-1.412791E-001
-1.504333E-001
-1.594079E-001
-1.682773E-001
-1.781208E-001
-1.863315E-001
-1.957192E-001
-2.045678E-001
-2.132910E-001
-2.227182E-001
-2.321292E-001
-2.412518E-001
-2.499036E-001
-2.595184E-001
-2.677435E-001
-2.769309E-001
-2.861437E-001
-2.952111E-001
-3.035148E-001
-3.121035E-001
-3.214002E-001
-3.299283E-001
-3.381185E-001
-3.464357E-001
-3.543995E-001
-3.607423E-001
-3.680644E-001
-3.760988E-001
-3.833176E-001
-3.909763E-001
-3.998351E-001
-4.074047E-001
-4.148074E-001
-4.222003E-001
-4.288945E-001
-4.362867E-001
-4.439266E-001
-4.517312E-001
-4.591816E-001
-4.664727E-001
-4.746925E-001
-4.820801E-001
-4.890891E-001
-4.955422E-001
-5.020049E-001
-5.092160E-001
-5.166242E-001
-5.237781E-001
-5.309643E-001
-5.383589E-001
-5.447497E-001
-5.522330E-001
-5.602518E-001
-5.650754E-001
-5.708491E-001
-5.782964E-001
-5.850668E-001
-5.914733E-001
-5.986323E-001
-6.060117E-001
-6.120236E-001
-6.186846E-001
-6.245461E-001
-6.300244E-001
-6.360947E-001
-6.425731E-001
-6.497094E-001
-6.551884E-001
-6.615984E-001
-6.673949E-001
-6.734348E-001
-6.797918E-001
-6.856833E-001
-6.916872E-001
-6.967794E-001
-7.019764E-001
-7.072065E-001
-7.127159E-001
-7.181866E-001
-7.238691E-001
-7.297062E-001
-7.345463E-001
-7.393427E-001
-7.448410E-001
-7.500759E-001
-7.556598E-001
-7.608608E-001
-7.666056E-001
-7.713942E-001
-7.755396E-001
-7.803474E-001
-7.850543E-001
-7.910721E-001
-7.946107E-001
-7.988238E-001
-8.038432E-001
-8.077301E-001
-8.112522E-001
-8.164559E-001
-8.199110E-001
-8.240644E-001
-8.278695E-001
-8.319929E-001
-8.352050E-001
-8.383164E-001
-8.419608E-001
-8.453319E-001
-8.478523E-001
-8.524670E-001
-8.562399E-001
-8.591370E-001
-8.628350E-001
-8.667294E-001
-8.698539E-001
-8.740029E-001
-8.760730E-001
-8.801129E-001
-8.819507E-001
-8.857378E-001
-8.887555E-001
-8.922728E-001
-8.949938E-001
-8.978886E-001
-8.997757E-001
-9.018994E-001
-9.035386E-001
-9.065565E-001
-9.090456E-001
-9.106998E-001
-9.126368E-001
-9.143691E-001
-9.158055E-001
-9.177308E-001
-9.184576E-001
-9.188695E-001
-9.205087E-001
-9.204407E-001
-9.195534E-001
-9.211672E-001
-9.223529E-001
-9.218403E-001
-9.224637E-001
-9.224107E-001
-9.236510E-001
-9.235873E-001
-9.233729E-001
-9.238058E-001
-9.233937E-001
-9.229090E-001
-9.235736E-001
-9.239337E-001
-9.237197E-001
-9.243905E-001
-9.241359E-001
-9.236197E-001
-9.230124E-001
-9.234239E-001
-9.228948E-001
-9.228072E-001
-9.215804E-001
-9.224291E-001
-9.220810E-001
-9.224867E-001
-9.225786E-001
-9.221813E-001
-9.203234E-001
-9.195015E-001
-9.165853E-001
-9.139878E-001
-9.109606E-001
-9.072439E-001
-9.028499E-001
-8.987536E-001
-8.941809E-001
-8.885474E-001
-8.834429E-001
-8.786900E-001
-8.765098E-001
-8.725609E-001
-8.680322E-001
-8.636900E-001
-8.590003E-001
-8.534471E-001
-8.474370E-001
-8.412281E-001
-8.352507E-001
-8.285253E-001
-8.208386E-001
-8.130344E-001
-8.056044E-001
-7.970757E-001
-7.876241E-001
-7.780795E-001
-7.680781E-001
-7.568539E-001
-7.460560E-001
-7.337402E-001
-7.195792E-001
-7.052020E-001
-6.890576E-001
-6.719230E-001
-6.544213E-001
-6.344947E-001
-6.143733E-001
-5.922763E-001
-5.710543E-001
-5.454947E-001
-5.188782E-001
-4.914759E-001
-4.629457E-001
-4.324728E-001
-4.016575E-001
-3.700396E-001
-3.380066E-001
-3.066458E-001
-2.769642E-001
-2.505335E-001
-2.271542E-001
-2.096340E-001
-1.983685E-001
-1.939515E-001
-1.978121E-001
-2.090823E-001
-2.279758E-001
-2.534334E-001
-2.844140E-001
-3.194255E-001
-3.572725E-001
-3.955432E-001
-4.344267E-001
-4.721546E-001
-5.090221E-001
-5.427595E-001
-5.742049E-001
-6.031272E-001
-6.290103E-001
-6.513120E-001
-6.711792E-001
-6.890588E-001
-7.037082E-001
-7.162278E-001
-7.267261E-001
-7.352256E-001
-7.421299E-001
-7.489914E-001
-7.540781E-001
-7.581614E-001
-7.619132E-001
-7.640344E-001
-7.655071E-001
-7.671237E-001
-7.677585E-001
-7.678226E-001
-7.678810E-001
-7.662169E-001
-7.650793E-001
-7.629271E-001
-7.600083E-001
-7.571932E-001
-7.542220E-001
-7.512670E-001
-7.472403E-001
-7.437840E-001
-7.391247E-001
-7.349436E-001
-7.308571E-001
-7.253114E-001
-7.205691E-001
-7.155594E-001
-7.106919E-001
-7.039735E-001
-6.975651E-001
-6.903216E-001
-6.843877E-001
-6.784852E-001
-6.715692E-001
-6.650823E-001
-6.578088E-001
-6.509283E-001
-6.429406E-001
-6.361983E-001
-6.281372E-001
-6.202338E-001
-6.135237E-001
-6.056198E-001
